x,y,z,pr,pg,pb,vr,vg,vb
-23562.2421875,40514.59765625,-320.48123168945312,0.96198385463041414,0.98565167328890635,0.99068050805260155,0.81153403660830326,0.92964244940701657,0.91072664891972266
-23705.732421875,40524.6640625,-258.24404907226562,0.95976932189043829,0.98479046611224907,0.99018838966594025,0.3021299618131974,0.7078816014177659,0.52146098496867155
-24005.361328125,40545.30078125,-119.33003234863281,0.9641983873703901,0.98651288046556362,0.99117262643926285,0.32033834211966572,0.71772396915099201,0.54409843449499096
-23724.640625,40614.55859375,-299.00827026367188,0.95755478915046244,0.9839292589355918,0.98969627127927895,0.70431374311447148,0.8879661735366372,0.84755095103207756
-23703.853515625,40507.86328125,-308.90570068359375,0.95312572367051074,0.98220684458227714,0.98871203450595635,0.56000002026557927,0.82980393171310429,0.75921570062637334
-23716.8046875,40526.53515625,-316.40927124023438,0.95312572367051074,0.98220684458227714,0.98871203450595635,0.6290196299552917,0.85843907033695899,0.80473665139254402
-23837.6484375,40620.84375,-168.41535949707031,0.96641292011036595,0.9873740876422209,0.99166474482592415,0.43450981296745012,0.77567090918036075,0.66817379909403196
-23928.27734375,40501.390625,-168.43769836425781,0.95976932189043829,0.98479046611224907,0.99018838966594025,0.913264134350945,0.96670511540244608,0.97985390354605284
-23575.86328125,40604.265625,-297.87261962890625,0.96198385463041414,0.98565167328890635,0.99068050805260155,0.8822760546908659,0.95510957591673906,0.96449058266247023
-23457.333984375,40951.84765625,-489.83001708984375,0.95976932189043829,0.98479046611224907,0.99018838966594025,0.39317186334553889,0.75709344008389645,0.63464823260026815
-23446.06640625,40937.9375,-661.578857421875,0.95312572367051074,0.98220684458227714,0.98871203450595635,0.94426759271060723,0.97876201587564804,0.98674356095931104
-23465.90625,40862.05078125,-479.46270751953125,0.95534025641048659,0.98306805175893452,0.98920415289261765,0.84536717569126807,0.94182237947688385,0.9364398346227758
-23424.802734375,40859.08203125,-578.89349365234375,0.96198385463041414,0.98565167328890635,0.99068050805260155,0.64784315824508665,0.86582084613687849,0.81544022630242741
-23517.74609375,40906.203125,-588.84228515625,0.95312572367051074,0.98220684458227714,0.98871203450595635,0.67921570539474485,0.87812380580341109,0.83327951781889975
-23433.49609375,40868.453125,-675.211181640625,0.9641983873703901,0.98651288046556362,0.99117262643926285,0.93540946175070372,0.97531718716901894,0.98477508741266584
-23600.98828125,41033.54296875,-656.46905517578125,0.95312572367051074,0.98220684458227714,0.98871203450595635,0.83921569585800171,0.939607846736908,0.93176470994949345
-23660.779296875,40909.48828125,-576.67120361328125,0.93319492901072787,0.97445597999236166,0.98428296902600454,0.76705883741378789,0.91257209286970253,0.88322953406502214
-23697.94140625,40952.203125,-593.37896728515625,0.93540946175070372,0.97531718716901894,0.98477508741266584,0.54117648917085981,0.82168397833319273,0.74555941539652204
-23684.48046875,41107.84375,-683.35516357421875,0.96641292011036595,0.9873740876422209,0.99166474482592415,0.69803923368453979,0.8855055816033307,0.84398309272878314
-23639.521484375,40993.99609375,-546.1435546875,0.95976932189043829,0.98479046611224907,0.99018838966594025,0.82998847610810222,0.93628604762694412,0.92475202293956982
-23577.998046875,40916.69140625,-471.74209594726562,0.95976932189043829,0.98479046611224907,0.99018838966594025,0.72313727140426631,0.89534794933655681,0.85825452594196094
-23572.109375,41037.76953125,-704.8868408203125,0.95534025641048659,0.98306805175893452,0.98920415289261765,0.91104960161096904,0.96584390822578881,0.97936178515939154
-23464.328125,41025.00390625,-633.2674560546875,0.95312572367051074,0.98220684458227714,0.98871203450595635,0.40941177150782415,0.76484430467381193,0.64996541878756353
-23487.357421875,41050.9921875,-625.93804931640625,0.95976932189043829,0.98479046611224907,0.99018838966594025,0.69176472425460811,0.88304498967002421,0.8404152344254886
-23724.18359375,40808.046875,-453.43002319335938,0.91104960161096904,0.96584390822578881,0.97936178515939154,0.43450981296745012,0.77567090918036075,0.66817379909403196
-23618.35546875,40822.46875,-467.05599975585938,0.94205305997063127,0.97790080869899076,0.98625144257264974,0.4156862818727306,0.76755095580044919,0.65451751386418067
-23725.517578125,40927.78515625,-525.06146240234375,0.93983852723065542,0.97703960152233349,0.98575932418598844,0.55372550990067282,0.82709728058646703,0.7546636055497562
-23529.19140625,40912.05078125,-664.93170166015625,0.95091119093053478,0.98134563740561986,0.98821991611929505,0.64156864881515507,0.86336025420357199,0.81187236799913298
-23750.796875,40952.96484375,-417.88174438476562,0.95312572367051074,0.98220684458227714,0.98871203450595635,0.20092273301938002,0.61937718531664676,0.37457901554949147
-23751.044921875,40923.52734375,-394.8192138671875,0.95091119093053478,0.98134563740561986,0.98821991611929505,0.72313727140426631,0.89534794933655681,0.85825452594196094
-23423.291015625,41004.203125,-672.31219482421875,0.94648212545058308,0.97962322305230531,0.98723567934597245,0.37951557811568776,0.74971166428397695,0.6176701454555289
-23752.134765625,40873.8046875,-381.7933349609375,0.94869665819055893,0.98048443022896259,0.98772779773263375,0.69176472425460811,0.88304498967002421,0.8404152344254886
-23723.298828125,40667.41796875,-175.65830993652344,0.9641983873703901,0.98651288046556362,0.99117262643926285,0.54745099953576626,0.82439062945982988,0.75011151047313918
-23755.8828125,40571.65234375,-649.922607421875,0.95755478915046244,0.9839292589355918,0.98969627127927895,0.48470589588670177,0.79732411819345816,0.70459055970696849
-23360.30078125,40833.12890625,-371.0875244140625,0.94648212545058308,0.97962322305230531,0.98723567934597245,0.7921568751335144,0.92241446060292864,0.89750096727820006
-23245.5390625,41216.29296875,-721.91204833984375,0.96198385463041414,0.98565167328890635,0.99068050805260155,0.36585929288583641,0.74232988848405723,0.6006920583107892
-24013.751953125,41178.97265625,-509.198974609375,0.96641292011036595,0.9873740876422209,0.99166474482592415,0.32944253227289988,0.72264515301760501,0.55541715925815061
-23171.46875,41164.04296875,-667.28094482421875,0.95091119093053478,0.98134563740561986,0.98821991611929505,0.48470589588670177,0.79732411819345816,0.70459055970696849
-23172.21484375,41169.03515625,-669.41546630859375,0.95091119093053478,0.98134563740561986,0.98821991611929505,0.46588236479198231,0.7892041648135466,0.69093427447711719
-23887.248046875,40719.3828125,-438.08248901367188,0.66039217710494991,0.8707420300034916,0.82257594290901637,0.67921570539474485,0.87812380580341109,0.83327951781889975
-23782.060546875,40656.98828125,-420.45816040039062,0.90219147065106564,0.96239907951915971,0.97739331161274634,0.52235295807614046,0.81356402495328117,0.73190313016667086
-23222.802734375,41131.2109375,-682.2724609375,0.93319492901072787,0.97445597999236166,0.98428296902600454,0.47843138552179526,0.7946174670668209,0.70003846463035135
-23615.416015625,40960.84765625,-621.6783447265625,0.94426759271060723,0.97876201587564804,0.98674356095931104,0.52235295807614046,0.81356402495328117,0.73190313016667086
-23559.859375,40827.09765625,-440.69393920898438,0.94869665819055893,0.98048443022896259,0.98772779773263375,0.56000002026557927,0.82980393171310429,0.75921570062637334
-23460.9375,40846.79296875,-393.26034545898438,0.93540946175070372,0.97531718716901894,0.98477508741266584,0.42196079223763711,0.77025760692708634,0.65906960894079769
-23448.2734375,40837.2734375,-373.55267333984375,0.93098039627075191,0.97359477281570439,0.98379085063934324,0.50352942698142111,0.80544407157336961,0.71824684493681967
-24185.64453125,40789.34765625,-786.8194580078125,0.95534025641048659,0.98306805175893452,0.98920415289261765,0.75450981855392452,0.90765090900308942,0.87609381745843329
-24365.810546875,40854.8046875,-781.91357421875,0.9641983873703901,0.98651288046556362,0.99117262643926285,0.47843138552179526,0.7946174670668209,0.70003846463035135
-24269.328125,40881.8671875,-741.65155029296875,0.95534025641048659,0.98306805175893452,0.98920415289261765,0.9686274528503418,0.98823529481887817,0.99215686321258545
-24253.82421875,40877.3203125,-752.80963134765625,0.95755478915046244,0.9839292589355918,0.98969627127927895,0.56627453063048572,0.83251058283974144,0.76376779570299036
-23788.01953125,40699.6875,-319.22344970703125,0.93983852723065542,0.97703960152233349,0.98575932418598844,0.56627453063048572,0.83251058283974144,0.76376779570299036
-23182.359375,41105.30078125,-692.10833740234375,0.93983852723065542,0.97703960152233349,0.98575932418598844,0.77960785627365115,0.91749327673631553,0.8903652506716111
-23228.71875,41114.87890625,-702.11083984375,0.92212226531084851,0.97014994410907518,0.98182237709269804,0.6290196299552917,0.85843907033695899,0.80473665139254402
-23272.85546875,41101.2890625,-699.3734130859375,0.9176931998308967,0.96842752975576063,0.98083814031937544,0.66666668653488159,0.8732026219367981,0.82614380121231079
-23800.642578125,40728.546875,-381.21881103515625,0.90440600339104149,0.96326028669581698,0.97788542999940764,0.46588236479198231,0.7892041648135466,0.69093427447711719
-23893.5234375,40774.79296875,-355.50784301757812,0.913264134350945,0.96670511540244608,0.97985390354605284,0.85151865552453432,0.9440369122168597,0.94111495929605815
-23730.87109375,40711.58203125,-311.96435546875,0.94869665819055893,0.98048443022896259,0.98772779773263375,0.70431374311447148,0.8879661735366372,0.84755095103207756
-23610.15625,40750.8203125,-267.52392578125,0.95755478915046244,0.9839292589355918,0.98969627127927895,0.3567551027326023,0.73740870461744423,0.58937333354762955
-23670.673828125,40646.33203125,-238.91038513183594,0.95755478915046244,0.9839292589355918,0.98969627127927895,0.60392159223556519,0.84859670260373288,0.79046521817936621
-23626.865234375,40641.78515625,-245.87071228027344,0.95755478915046244,0.9839292589355918,0.98969627127927895,0.90219147065106564,0.96239907951915971,0.97739331161274634
-23513.37109375,40771.78125,-316.16769409179688,0.93983852723065542,0.97703960152233349,0.98575932418598844,0.89457901435739851,0.95953864139669087,0.97384083200903504
-23462.779296875,40766.1796875,-331.57095336914062,0.93983852723065542,0.97703960152233349,0.98575932418598844,0.81768551644156962,0.93185698214699242,0.91540177359300501
-23896.43359375,40732.3359375,-402.25604248046875,0.83613995594136858,0.93850058036691997,0.92942714761285217,0.3021299618131974,0.7078816014177659,0.52146098496867155
-23479.46875,40777.29296875,-313.03619384765625,0.93762399449067957,0.97617839434567621,0.98526720579932714,0.78588236570358283,0.91995386866962214,0.89393310897490563
-23658.84375,40558.6640625,-159.4383544921875,0.9686274528503418,0.98823529481887817,0.99215686321258545,0.54117648917085981,0.82168397833319273,0.74555941539652204
-23636.142578125,40831.18359375,-288.12472534179688,0.96641292011036595,0.9873740876422209,0.99166474482592415,0.55372550990067282,0.82709728058646703,0.7546636055497562
-23429.626953125,40827.03515625,-353.452880859375,0.93098039627075191,0.97359477281570439,0.98379085063934324,0.56000002026557927,0.82980393171310429,0.75921570062637334
-23420.365234375,40832.39453125,-346.142822265625,0.93319492901072787,0.97445597999236166,0.98428296902600454,0.49725491661651461,0.80273742044673246,0.71369474986020254
-23335.81640625,40974.96484375,-612.5169677734375,0.95534025641048659,0.98306805175893452,0.98920415289261765,0.68549021482467665,0.88058439773671771,0.83684737612219418
-23333.400390625,40925.19921875,-561.0767822265625,0.95976932189043829,0.98479046611224907,0.99018838966594025,0.7607843279838562,0.91011150093639603,0.87966167576172771
-23284.7734375,40959.39453125,-594.37982177734375,0.95976932189043829,0.98479046611224907,0.99018838966594025,0.57254904099539217,0.83521723396637859,0.76831989077960738
-23737.66796875,40660.11328125,-641.59124755859375,0.92655133079080021,0.97187235846238973,0.98280661386602064,0.14925029587511923,0.55909268295063685,0.29018071223707759
-23671.859375,40926.46484375,-673.363037109375,0.92433679805082436,0.97101115128573245,0.98231449547935934,0.7921568751335144,0.92241446060292864,0.89750096727820006
-23765.16796875,40880.56640625,-693.48406982421875,0.80845829669167013,0.92853518303702864,0.90838908658308148,0.48470589588670177,0.79732411819345816,0.70459055970696849
-23671.560546875,40811.44140625,-622.87152099609375,0.88842753452413226,0.95732410865671491,0.96916570733575258,0.57254904099539217,0.83521723396637859,0.76831989077960738
-23969.345703125,40808.55078125,-571.01141357421875,0.24890428179619359,0.67535565179937029,0.45294886862530426,0.16770473771235522,0.58062286236706906,0.32032296342008254
-23972.76171875,40808.5078125,-568.8388671875,0.2702652962768779,0.69065745788462019,0.48184544829761278,0.0,0.38772780369309817,0.15607843512997907
-23979.28515625,40826.90234375,-555.93902587890625,0.50980393734632756,0.80815072270000687,0.7227989400134367,0.12110727236551397,0.53125723319895124,0.25905422252767224
-23992.298828125,40809.78515625,-556.10589599609375,0.42823530260254355,0.77296425805372349,0.66362170401741483,0.22675895159151038,0.64951943649965171,0.41677816720569832
-23996.287109375,40832.640625,-533.46441650390625,0.74823530912399294,0.90519031706978292,0.87252595915513875,0.11680123601474027,0.52756634436401673,0.25597848214355179
-23974.71875,40809.5546875,-594.12359619140625,0.2702652962768779,0.69065745788462019,0.48184544829761278,0.67294119596481328,0.8756632138701046,0.82971165951560522
-23977.13671875,40848.18359375,-604.26580810546875,0.59764708245501796,0.8460438384729273,0.7865282710860757,0.21199539812172161,0.63229529296650611,0.39266436625929441
-24058.03515625,40806.40625,-540.096923828125,0.82383699627483598,0.93407151488696827,0.92007689826628747,0.76705883741378789,0.91257209286970253,0.88322953406502214
-24053.333984375,40821.265625,-599.8131103515625,0.82076125635820274,0.93296424851698034,0.91773933592964618,0.43450981296745012,0.77567090918036075,0.66817379909403196
-24117.216796875,40893.56640625,-652.28216552734375,0.94648212545058308,0.97962322305230531,0.98723567934597245,0.83306421602473546,0.93739331399693204,0.92708958527621099
-23961.30078125,40876.0703125,-643.0634765625,0.78588236570358283,0.91995386866962214,0.89393310897490563,0.32033834211966572,0.71772396915099201,0.54409843449499096
-23952.412109375,40852.0,-630.98590087890625,0.52235295807614046,0.81356402495328117,0.73190313016667086,0.84844291560790119,0.94292964584687178,0.93877739695941698
-23956.05078125,40805.4296875,-629.76141357421875,0.23783161669385211,0.66243754414951117,0.43486351791550149,0.65411766767501833,0.8682814380701851,0.81900808460572183
-24016.720703125,40828.4375,-706.98345947265625,0.87612457485759965,0.95289504317676321,0.95981545798918777,0.57254904099539217,0.83521723396637859,0.76831989077960738
-24049.763671875,40853.7421875,-653.944580078125,0.89150327444076538,0.95843137502670284,0.97150326967239375,0.7607843279838562,0.91011150093639603,0.87966167576172771
-23970.4921875,40844.8359375,-538.0897216796875,0.72313727140426631,0.89534794933655681,0.85825452594196094,0.42196079223763711,0.77025760692708634,0.65906960894079769
-24042.8984375,40822.203125,-644.01531982421875,0.82998847610810222,0.93628604762694412,0.92475202293956982,0.34765091257936814,0.73248752075083112,0.5780546087844699
-24126.251953125,40944.83984375,-568.4068603515625,0.94205305997063127,0.97790080869899076,0.98625144257264974,0.56000002026557927,0.82980393171310429,0.75921570062637334
-23998.65625,40943.578125,-555.5068359375,0.92876586353077606,0.97273356563904712,0.98329873225268194,0.28847367658334622,0.70049982561784629,0.50448289782393207
-23781.767578125,40872.48046875,-649.29876708984375,0.6352941393852235,0.86089966227026549,0.80830450969583856,0.72313727140426631,0.89534794933655681,0.85825452594196094
-23848.853515625,40851.96484375,-662.70159912109375,0.37951557811568776,0.74971166428397695,0.6176701454555289,0.43450981296745012,0.77567090918036075,0.66817379909403196
-23855.8515625,40828.16796875,-639.83221435546875,0.18246829118214403,0.59784700590021467,0.34443676436648651,0.74196079969406126,0.90272972513647642,0.86895810085184433
-23810.931640625,40865.41796875,-705.1136474609375,0.70431374311447148,0.8879661735366372,0.84755095103207756,0.32944253227289988,0.72264515301760501,0.55541715925815061
-23803.361328125,40828.70703125,-692.8544921875,0.59764708245501796,0.8460438384729273,0.7865282710860757,0.2230680632240632,0.64521340061636534,0.41074971696909734
-23906.92578125,40875.05859375,-651.5499267578125,0.60392159223556519,0.84859670260373288,0.79046521817936621,0.57882355136029862,0.83792388509301574,0.77287198585622452
-23905.142578125,40809.7265625,-641.0533447265625,0.14186851914022483,0.55048061118406411,0.27812381176387563,0.6352941393852235,0.86089966227026549,0.80830450969583856
-23906.22265625,40838.93359375,-656.01873779296875,0.32489043719628274,0.72018456108429851,0.54975779687657078,0.4156862818727306,0.76755095580044919,0.65451751386418067
-23934.798828125,40814.77734375,-624.57666015625,0.17139562607980241,0.58492889825035543,0.32635141365668352,0.32944253227289988,0.72264515301760501,0.55541715925815061
-23896.05078125,40889.4140625,-667.4228515625,0.73568629026412968,0.90026913320316992,0.8653902425485499,0.84536717569126807,0.94182237947688385,0.9364398346227758
-23867.994140625,40864.07421875,-687.18023681640625,0.57882355136029862,0.83792388509301574,0.77287198585622452,0.64784315824508665,0.86582084613687849,0.81544022630242741
-23889.1484375,40829.28515625,-676.2154541015625,0.36585929288583641,0.74232988848405723,0.6006920583107892,0.39317186334553889,0.75709344008389645,0.63464823260026815
-23894.71484375,40842.70703125,-686.4735107421875,0.49725491661651461,0.80273742044673246,0.71369474986020254,0.71686276197433474,0.89288735740325031,0.85468666763866652
-23902.515625,40832.1484375,-681.1396484375,0.42823530260254355,0.77296425805372349,0.66362170401741483,0.1750865144472496,0.58923493413364181,0.3323798638932845
-23929.96484375,40822.84375,-705.80804443359375,0.66039217710494991,0.8707420300034916,0.82257594290901637,0.26571320120026082,0.68819686595131369,0.47618608591603295
-23983.271484375,40939.03515625,-613.55609130859375,0.92876586353077606,0.97273356563904712,0.98329873225268194,0.49098040625160816,0.80003076932009531,0.70914265478358551
-24056.44140625,40882.171875,-675.83294677734375,0.92655133079080021,0.97187235846238973,0.98280661386602064,0.50352942698142111,0.80544407157336961,0.71824684493681967
-23450.017578125,40799.4609375,-366.02597045898438,0.93319492901072787,0.97445597999236166,0.98428296902600454,0.66666668653488159,0.8732026219367981,0.82614380121231079
-23579.849609375,40735.3671875,-385.93508911132812,0.95312572367051074,0.98220684458227714,0.98871203450595635,0.58509806172520518,0.840630536219653,0.77742408093284165
-23728.30078125,40777.62109375,-553.21246337890625,0.74196079969406126,0.90272972513647642,0.86895810085184433,0.72313727140426631,0.89534794933655681,0.85825452594196094
-23749.404296875,40764.2421875,-571.2376708984375,0.6352941393852235,0.86089966227026549,0.80830450969583856,0.29757786673658032,0.7054210094844594,0.51580162258709183
-23758.9375,40736.828125,-533.112548828125,0.66039217710494991,0.8707420300034916,0.82257594290901637,0.15663207261001361,0.56770475471720971,0.3022376127102796
-23753.65234375,40775.90625,-585.89251708984375,0.58509806172520518,0.840630536219653,0.77742408093284165,0.81768551644156962,0.93185698214699242,0.91540177359300501
-23640.083984375,40700.57421875,-550.5294189453125,0.93762399449067957,0.97617839434567621,0.98526720579932714,0.82383699627483598,0.93407151488696827,0.92007689826628747
-23710.04296875,40673.4765625,-597.761962890625,0.92212226531084851,0.97014994410907518,0.98182237709269804,0.37951557811568776,0.74971166428397695,0.6176701454555289
-23943.46484375,40761.07421875,-343.62567138671875,0.91990773257087255,0.9692887369324179,0.98133025870603674,0.32944253227289988,0.72264515301760501,0.55541715925815061
-23866.244140625,40746.73828125,-354.56582641601562,0.90662053613101734,0.96412149387247426,0.97837754838606894,0.83921569585800171,0.939607846736908,0.93176470994949345
-23769.677734375,40671.046875,-584.58197021484375,0.87920031477423277,0.95400230954675114,0.96215302032582906,0.36130719780921938,0.73986929655075073,0.59503269592920938
-23644.484375,40785.04296875,-672.41510009765625,0.92876586353077606,0.97273356563904712,0.98329873225268194,0.64156864881515507,0.86336025420357199,0.81187236799913298
-23771.55859375,40778.78125,-622.91558837890625,0.52862746844104691,0.81627067607991832,0.73645522524328788,0.17139562607980241,0.58492889825035543,0.32635141365668352
-23760.490234375,40773.7265625,-704.363037109375,0.85151865552453432,0.9440369122168597,0.94111495929605815,0.69803923368453979,0.8855055816033307,0.84398309272878314
-23605.56640625,40702.07421875,-650.51708984375,0.95312572367051074,0.98220684458227714,0.98871203450595635,0.81768551644156962,0.93185698214699242,0.91540177359300501
-23755.38671875,40676.06640625,-654.31634521484375,0.9176931998308967,0.96842752975576063,0.98083814031937544,0.6290196299552917,0.85843907033695899,0.80473665139254402
-23746.396484375,40663.12890625,-642.38153076171875,0.92433679805082436,0.97101115128573245,0.98231449547935934,0.21199539812172161,0.63229529296650611,0.39266436625929441
-23654.369140625,40741.73046875,-595.40679931640625,0.91990773257087255,0.9692887369324179,0.98133025870603674,0.57254904099539217,0.83521723396637859,0.76831989077960738
-23614.638671875,40763.5546875,-536.42071533203125,0.92876586353077606,0.97273356563904712,0.98329873225268194,0.59137257209011151,0.84333718734629015,0.78197617600945868
-23597.08984375,40779.96875,-534.8831787109375,0.93540946175070372,0.97531718716901894,0.98477508741266584,0.85767013535780068,0.94625144495683555,0.94579008396934061
-23716.080078125,40470.90625,-356.94558715820312,0.96198385463041414,0.98565167328890635,0.99068050805260155,0.54117648917085981,0.82168397833319273,0.74555941539652204
-23684.26953125,40723.4765625,-406.24813842773438,0.93319492901072787,0.97445597999236166,0.98428296902600454,0.85459439544116744,0.94514417858684763,0.94345252163269944
-23750.21484375,40766.203125,-357.28610229492188,0.93319492901072787,0.97445597999236166,0.98428296902600454,0.54117648917085981,0.82168397833319273,0.74555941539652204
-23742.2578125,40802.69140625,-436.09283447265625,0.91104960161096904,0.96584390822578881,0.97936178515939154,0.54117648917085981,0.82168397833319273,0.74555941539652204
-23600.984375,40796.71875,-511.10565185546875,0.93540946175070372,0.97531718716901894,0.98477508741266584,0.81460977652493649,0.93074971577700449,0.91306421125636383
-23729.3203125,40725.109375,-456.9957275390625,0.86382161519106693,0.9484659776968114,0.95046520864262296,0.52235295807614046,0.81356402495328117,0.73190313016667086
-23720.51171875,40718.6328125,-518.84271240234375,0.84229143577463483,0.94071511310689593,0.93410227228613463,0.75450981855392452,0.90765090900308942,0.87609381745843329
-23760.744140625,40718.30859375,-497.35043334960938,0.74823530912399294,0.90519031706978292,0.87252595915513875,0.32489043719628274,0.72018456108429851,0.54975779687657078
-23807.720703125,40881.56640625,-624.1080322265625,0.60392159223556519,0.84859670260373288,0.79046521817936621,0.82998847610810222,0.93628604762694412,0.92475202293956982
-23757.6171875,40724.46875,-502.12985229492188,0.73568629026412968,0.90026913320316992,0.8653902425485499,0.67921570539474485,0.87812380580341109,0.83327951781889975
-23770.037109375,40708.4609375,-469.45596313476562,0.79843138456344609,0.92487505253623514,0.90106882558149448,0.79843138456344609,0.92487505253623514,0.90106882558149448
-23721.072265625,40652.49609375,-449.35818481445312,0.92212226531084851,0.97014994410907518,0.98182237709269804,0.69803923368453979,0.8855055816033307,0.84398309272878314
-23739.19140625,40678.75,-495.7010498046875,0.87304883494096641,0.95178777680677529,0.9574778956525466,0.23414072832640478,0.65813150826622457,0.42883506767890034
-23761.87890625,40700.16796875,-518.1407470703125,0.79843138456344609,0.92487505253623514,0.90106882558149448,0.45333334406216941,0.78379086256027219,0.68183008432388303
-23567.333984375,40552.921875,-358.59112548828125,0.95976932189043829,0.98479046611224907,0.99018838966594025,0.84229143577463483,0.94071511310689593,0.93410227228613463
-23632.751953125,40572.6171875,-404.6240234375,0.95976932189043829,0.98479046611224907,0.99018838966594025,0.68549021482467665,0.88058439773671771,0.83684737612219418
-23703.083984375,40600.5859375,-382.07318115234375,0.95091119093053478,0.98134563740561986,0.98821991611929505,0.80845829669167013,0.92853518303702864,0.90838908658308148
-23650.28125,40701.0625,-456.7615966796875,0.93098039627075191,0.97359477281570439,0.98379085063934324,0.34309881750275106,0.73002692881752462,0.57239524640289008
-23797.85546875,40897.078125,-644.59619140625,0.74823530912399294,0.90519031706978292,0.87252595915513875,0.64156864881515507,0.86336025420357199,0.81187236799913298
-23915.908203125,40820.9296875,-619.19964599609375,0.12541330871628781,0.53494812203388586,0.2621299629117928,0.3567551027326023,0.73740870461744423,0.58937333354762955
-23927.0703125,40807.3671875,-577.17108154296875,0.043598618051585034,0.46482123417012833,0.20369089561350207,0.6352941393852235,0.86089966227026549,0.80830450969583856
-23923.982421875,40930.203125,-488.37066650390625,0.93098039627075191,0.97359477281570439,0.98379085063934324,0.20830450975427439,0.62798925708321962,0.38663591602269343
-23918.01171875,40936.3984375,-515.84552001953125,0.92876586353077606,0.97273356563904712,0.98329873225268194,0.27936948643011206,0.6955786417512333,0.49316417306077243
-23819.08984375,40826.625,-483.5787353515625,0.77960785627365115,0.91749327673631553,0.8903652506716111,0.4031372611429177,0.76213765354717478,0.64541332371094651
-23842.28125,40842.296875,-494.43899536132812,0.77960785627365115,0.91749327673631553,0.8903652506716111,0.86382161519106693,0.9484659776968114,0.95046520864262296
-23825.8125,40807.72265625,-512.6861572265625,0.4031372611429177,0.76213765354717478,0.64541332371094651,0.37041138796245349,0.74479048041736373,0.60635142069236903
-23861.59765625,40805.48828125,-517.2659912109375,0.2702652962768779,0.69065745788462019,0.48184544829761278,0.48470589588670177,0.79732411819345816,0.70459055970696849
-23947.10546875,40876.3671875,-507.56686401367188,0.88842753452413226,0.95732410865671491,0.96916570733575258,0.44705883369726296,0.78108421143363505,0.67727798924726601
-23897.634765625,40805.296875,-507.3385009765625,0.3339946273495169,0.72510574495091162,0.56107652163973043,0.8607458752744338,0.94735871132682348,0.94812764630598179
-23896.275390625,40834.59765625,-521.5128173828125,0.49725491661651461,0.80273742044673246,0.71369474986020254,0.6290196299552917,0.85843907033695899,0.80473665139254402
-23911.021484375,40817.06640625,-501.54623413085938,0.50980393734632756,0.80815072270000687,0.7227989400134367,0.32489043719628274,0.72018456108429851,0.54975779687657078
-24024.48046875,40896.80859375,-390.46969604492188,0.94648212545058308,0.97962322305230531,0.98723567934597245,0.89150327444076538,0.95843137502670284,0.97150326967239375
-24052.99609375,40866.53515625,-417.5352783203125,0.93540946175070372,0.97531718716901894,0.98477508741266584,0.62274512052536013,0.85597847840365238,0.8011687930892496
-24027.865234375,40944.92578125,-446.327880859375,0.94426759271060723,0.97876201587564804,0.98674356095931104,0.79843138456344609,0.92487505253623514,0.90106882558149448
-24038.0078125,40899.32421875,-522.4434814453125,0.92655133079080021,0.97187235846238973,0.98280661386602064,0.7921568751335144,0.92241446060292864,0.89750096727820006
-24064.65234375,40897.078125,-468.27755737304688,0.93098039627075191,0.97359477281570439,0.98379085063934324,0.8607458752744338,0.94735871132682348,0.94812764630598179
-23821.97265625,40981.390625,-506.88900756835938,0.94869665819055893,0.98048443022896259,0.98772779773263375,0.64156864881515507,0.86336025420357199,0.81187236799913298
-23831.404296875,40969.11328125,-496.80596923828125,0.94426759271060723,0.97876201587564804,0.98674356095931104,0.15294118424256642,0.56339871883392334,0.29620916247367857
-23855.244140625,40832.80859375,-438.87289428710938,0.89150327444076538,0.95843137502670284,0.97150326967239375,0.64156864881515507,0.86336025420357199,0.81187236799913298
-23816.345703125,40827.80078125,-363.46810913085938,0.93540946175070372,0.97531718716901894,0.98477508741266584,0.62274512052536013,0.85597847840365238,0.8011687930892496
-23669.517578125,40812.80859375,-644.81866455078125,0.89765475427403174,0.9606459077666788,0.97617839434567621,0.71058825254440305,0.89042676546994382,0.85111880933537198
-23621.251953125,40857.28515625,-695.6519775390625,0.93540946175070372,0.97531718716901894,0.98477508741266584,0.82383699627483598,0.93407151488696827,0.92007689826628747
-23700.21484375,40817.7734375,-667.181884765625,0.86382161519106693,0.9484659776968114,0.95046520864262296,0.68549021482467665,0.88058439773671771,0.83684737612219418
-23960.0703125,41037.20703125,-391.13076782226562,0.96198385463041414,0.98565167328890635,0.99068050805260155,0.65411766767501833,0.8682814380701851,0.81900808460572183
-24002.697265625,41082.0546875,-452.86679077148438,0.94869665819055893,0.98048443022896259,0.98772779773263375,0.39772395842215597,0.75955403201720295,0.64030759498184797
-24023.408203125,41082.9453125,-471.55401611328125,0.94869665819055893,0.98048443022896259,0.98772779773263375,0.3339946273495169,0.72510574495091162,0.56107652163973043
-24026.634765625,41073.08203125,-497.94668579101562,0.94869665819055893,0.98048443022896259,0.98772779773263375,0.40941177150782415,0.76484430467381193,0.64996541878756353
-24088.70703125,40900.09765625,-457.54156494140625,0.93540946175070372,0.97531718716901894,0.98477508741266584,0.44705883369726296,0.78108421143363505,0.67727798924726601
-23975.0859375,41060.484375,-464.2884521484375,0.94869665819055893,0.98048443022896259,0.98772779773263375,0.27936948643011206,0.6955786417512333,0.49316417306077243
-23791.912109375,40912.29296875,-382.479736328125,0.94869665819055893,0.98048443022896259,0.98772779773263375,0.32489043719628274,0.72018456108429851,0.54975779687657078
-23868.939453125,40932.16015625,-440.85769653320312,0.94205305997063127,0.97790080869899076,0.98625144257264974,0.14186851914022483,0.55048061118406411,0.27812381176387563
-23955.271484375,40468.31640625,-103.65613555908203,0.9641983873703901,0.98651288046556362,0.99117262643926285,0.52862746844104691,0.81627067607991832,0.73645522524328788
-23969.353515625,40516.38671875,-154.74580383300781,0.95755478915046244,0.9839292589355918,0.98969627127927895,0.32489043719628274,0.72018456108429851,0.54975779687657078
-23797.98828125,40775.90234375,-265.5845947265625,0.95976932189043829,0.98479046611224907,0.99018838966594025,0.36130719780921938,0.73986929655075073,0.59503269592920938
-23910.265625,40897.4765625,-401.75775146484375,0.94648212545058308,0.97962322305230531,0.98723567934597245,0.24890428179619359,0.67535565179937029,0.45294886862530426
-23851.43359375,40746.87109375,-352.6712646484375,0.91104960161096904,0.96584390822578881,0.97936178515939154,0.0,0.35241830945014951,0.14143791149059931
-23994.70703125,41062.875,-470.75582885742188,0.94648212545058308,0.97962322305230531,0.98723567934597245,0.2230680632240632,0.64521340061636534,0.41074971696909734
-23744.869140625,40959.41015625,-694.4647216796875,0.92876586353077606,0.97273356563904712,0.98329873225268194,0.36130719780921938,0.73986929655075073,0.59503269592920938
-23976.40234375,40818.4765625,-451.14385986328125,0.8822760546908659,0.95510957591673906,0.96449058266247023,0.64156864881515507,0.86336025420357199,0.81187236799913298
-23925.08203125,41075.3671875,-578.22296142578125,0.95091119093053478,0.98134563740561986,0.98821991611929505,0.92876586353077606,0.97273356563904712,0.98329873225268194
-23815.751953125,40867.0234375,-599.28753662109375,0.47843138552179526,0.7946174670668209,0.70003846463035135,0.8269127361914691,0.93517878125695619,0.92241446060292864
-23819.748046875,40869.87890625,-595.900390625,0.50980393734632756,0.80815072270000687,0.7227989400134367,0.34765091257936814,0.73248752075083112,0.5780546087844699
-23773.65234375,40836.51171875,-590.1046142578125,0.46588236479198231,0.7892041648135466,0.69093427447711719,0.39317186334553889,0.75709344008389645,0.63464823260026815
-23790.447265625,40816.69921875,-596.19732666015625,0.29302577165996324,0.70296041755115279,0.5101422602055119,0.13817763077277762,0.54617457530077762,0.27209536152727465
-23840.189453125,40838.9765625,-579.50225830078125,0.22675895159151038,0.64951943649965171,0.41677816720569832,0.24890428179619359,0.67535565179937029,0.45294886862530426
-23851.455078125,40843.140625,-603.43719482421875,0.2046136213868272,0.62368322119993325,0.38060746578609239,0.37041138796245349,0.74479048041736373,0.60635142069236903
-23867.58203125,40829.390625,-541.34844970703125,0.28847367658334622,0.70049982561784629,0.50448289782393207,0.7607843279838562,0.91011150093639603,0.87966167576172771
-23897.49609375,40812.65234375,-572.66632080078125,0.017762399946942051,0.44267590116052069,0.18523645330877864,0.27936948643011206,0.6955786417512333,0.49316417306077243
-23908.3984375,40811.625,-545.750732421875,0.14925029587511923,0.55909268295063685,0.29018071223707759,0.7607843279838562,0.91011150093639603,0.87966167576172771
-23912.1953125,40808.20703125,-575.32073974609375,0.0048442908946205454,0.43160323465571682,0.17600923215641695,0.66666668653488159,0.8732026219367981,0.82614380121231079
-23929.6171875,40821.875,-573.83648681640625,0.1750865144472496,0.58923493413364181,0.3323798638932845,0.39317186334553889,0.75709344008389645,0.63464823260026815
-23883.857421875,40884.359375,-602.33746337890625,0.65411766767501833,0.8682814380701851,0.81900808460572183,0.75450981855392452,0.90765090900308942,0.87609381745843329
-23900.7265625,40840.0703125,-590.45159912109375,0.21568628648916882,0.63660132884979248,0.39869281649589539,0.10388312696241865,0.51649367785921285,0.24675126099118999
-23893.1015625,40813.02734375,-610.86712646484375,0.0048442908946205454,0.43160323465571682,0.17600923215641695,0.56627453063048572,0.83251058283974144,0.76376779570299036
-23921.00390625,40784.99609375,-338.62033081054688,0.92876586353077606,0.97273356563904712,0.98329873225268194,0.81768551644156962,0.93185698214699242,0.91540177359300501
-23916.33984375,40759.15234375,-304.40115356445312,0.93540946175070372,0.97531718716901894,0.98477508741266584,0.62274512052536013,0.85597847840365238,0.8011687930892496
-23844.287109375,40727.859375,-339.89935302734375,0.9176931998308967,0.96842752975576063,0.98083814031937544,0.59137257209011151,0.84333718734629015,0.78197617600945868
-23784.7890625,40856.8984375,-590.5426025390625,0.52862746844104691,0.81627067607991832,0.73645522524328788,0.47843138552179526,0.7946174670668209,0.70003846463035135
-23779.103515625,40892.01171875,-587.43072509765625,0.80845829669167013,0.92853518303702864,0.90838908658308148,0.46588236479198231,0.7892041648135466,0.69093427447711719
-23939.818359375,41028.625,-604.252197265625,0.93540946175070372,0.97531718716901894,0.98477508741266584,0.69803923368453979,0.8855055816033307,0.84398309272878314
-23850.8203125,41055.41796875,-645.491943359375,0.95091119093053478,0.98134563740561986,0.98821991611929505,0.57254904099539217,0.83521723396637859,0.76831989077960738
-23854.6640625,41035.19921875,-644.62786865234375,0.94869665819055893,0.98048443022896259,0.98772779773263375,0.6352941393852235,0.86089966227026549,0.80830450969583856
-23938.14453125,41054.0234375,-631.69573974609375,0.93983852723065542,0.97703960152233349,0.98575932418598844,0.54745099953576626,0.82439062945982988,0.75011151047313918
-23897.58203125,40986.875,-697.8211669921875,0.94648212545058308,0.97962322305230531,0.98723567934597245,0.55372550990067282,0.82709728058646703,0.7546636055497562
-24113.029296875,41100.58203125,-583.35614013671875,0.96198385463041414,0.98565167328890635,0.99068050805260155,0.30668205688981459,0.71034219335107252,0.52712034735025159
-24037.111328125,40989.21875,-541.49859619140625,0.93983852723065542,0.97703960152233349,0.98575932418598844,0.0,0.42303729793604683,0.17071895876935883
-24067.515625,40869.28125,-465.98873901367188,0.93098039627075191,0.97359477281570439,0.98379085063934324,0.42823530260254355,0.77296425805372349,0.66362170401741483
-23968.8828125,40989.390625,-615.03582763671875,0.93319492901072787,0.97445597999236166,0.98428296902600454,0.77960785627365115,0.91749327673631553,0.8903652506716111
-24088.98828125,40999.66796875,-609.70281982421875,0.94426759271060723,0.97876201587564804,0.98674356095931104,0.71686276197433474,0.89288735740325031,0.85468666763866652
-23991.810546875,41141.68359375,-640.08404541015625,0.95976932189043829,0.98479046611224907,0.99018838966594025,0.87612457485759965,0.95289504317676321,0.95981545798918777
-23981.388671875,41073.94140625,-644.9337158203125,0.94869665819055893,0.98048443022896259,0.98772779773263375,0.82383699627483598,0.93407151488696827,0.92007689826628747
-24077.220703125,41133.87109375,-640.63519287109375,0.96198385463041414,0.98565167328890635,0.99068050805260155,0.70431374311447148,0.8879661735366372,0.84755095103207756
-23912.421875,40905.62890625,-599.9525146484375,0.84844291560790119,0.94292964584687178,0.93877739695941698,0.26571320120026082,0.68819686595131369,0.47618608591603295
-23842.068359375,40864.3359375,-535.4542236328125,0.71058825254440305,0.89042676546994382,0.85111880933537198,0.38406767319230473,0.75217225621728334,0.6233295078371085
-23822.1875,40809.5546875,-575.42864990234375,0.13817763077277762,0.54617457530077762,0.27209536152727465,0.49098040625160816,0.80003076932009531,0.70914265478358551
-24031.453125,40998.546875,-595.51678466796875,0.93540946175070372,0.97531718716901894,0.98477508741266584,0.0,0.38772780369309817,0.15607843512997907
-23916.51171875,40810.28515625,-581.79833984375,0.022068436297715877,0.44636678999545526,0.1883121936928992,0.026374472648489702,0.45005767883038988,0.19138793407701979
-24113.794921875,40874.0859375,-326.45703125,0.95755478915046244,0.9839292589355918,0.98969627127927895,0.68549021482467665,0.88058439773671771,0.83684737612219418
-23965.30078125,40737.05078125,-331.899169921875,0.92433679805082436,0.97101115128573245,0.98231449547935934,0.72313727140426631,0.89534794933655681,0.85825452594196094
-23975.193359375,40766.69140625,-664.50311279296875,0.52862746844104691,0.81627067607991832,0.73645522524328788,0.7607843279838562,0.91011150093639603,0.87966167576172771
-24007.078125,40800.75,-657.8343505859375,0.66666668653488159,0.8732026219367981,0.82614380121231079,0.8607458752744338,0.94735871132682348,0.94812764630598179
-23957.333984375,40758.28125,-645.01251220703125,0.33854672242613398,0.72756633688421812,0.56673588402131025,0.17877740281469692,0.5935409700169284,0.3384083141298857
-23960.751953125,40778.9765625,-683.2584228515625,0.58509806172520518,0.840630536219653,0.77742408093284165,0.6352941393852235,0.86089966227026549,0.80830450969583856
-23987.576171875,40729.7109375,-684.47357177734375,0.81153403660830326,0.92964244940701657,0.91072664891972266,0.1898500679170384,0.60645907766678753,0.35649366483968847
-23991.732421875,40649.5,-652.0338134765625,0.91547866709092085,0.96756632257910336,0.98034602193271414,0.58509806172520518,0.840630536219653,0.77742408093284165
-23829.34765625,40584.390625,-486.3974609375,0.92212226531084851,0.97014994410907518,0.98182237709269804,0.44078432333235651,0.7783775603069979,0.67272589417064887
-23850.021484375,40533.6015625,-419.08071899414062,0.94426759271060723,0.97876201587564804,0.98674356095931104,0.80538255677503701,0.92742791666704061,0.9060515242464402
-23816.640625,40535.78515625,-417.34466552734375,0.94869665819055893,0.98048443022896259,0.98772779773263375,0.32944253227289988,0.72264515301760501,0.55541715925815061
-23950.2734375,40583.48828125,-433.02691650390625,0.913264134350945,0.96670511540244608,0.97985390354605284,0.34765091257936814,0.73248752075083112,0.5780546087844699
-23917.443359375,40554.4296875,-380.74209594726562,0.94426759271060723,0.97876201587564804,0.98674356095931104,0.58509806172520518,0.840630536219653,0.77742408093284165
-23850.203125,40551.5546875,-438.88119506835938,0.93762399449067957,0.97617839434567621,0.98526720579932714,0.92876586353077606,0.97273356563904712,0.98329873225268194
-24093.85546875,40695.1796875,-517.05047607421875,0.83921569585800171,0.939607846736908,0.93176470994949345,0.34309881750275106,0.73002692881752462,0.57239524640289008
-24109.451171875,40676.8828125,-490.40402221679688,0.8822760546908659,0.95510957591673906,0.96449058266247023,0.54745099953576626,0.82439062945982988,0.75011151047313918
-24090.87109375,40699.49609375,-493.86798095703125,0.84536717569126807,0.94182237947688385,0.9364398346227758,0.29302577165996324,0.70296041755115279,0.5101422602055119
-24030.978515625,40660.46875,-504.05563354492188,0.80230681685840377,0.92632065029705268,0.90371396190979902,0.39317186334553889,0.75709344008389645,0.63464823260026815
-24007.42578125,40706.28125,-497.29190063476562,0.53490197880595347,0.81897732720655558,0.74100732031990502,0.61647061109542844,0.85351788647034588,0.79760093478595506
-23983.5859375,40675.359375,-521.72808837890625,0.57882355136029862,0.83792388509301574,0.77287198585622452,0.60392159223556519,0.84859670260373288,0.79046521817936621
-24108.2265625,40738.64453125,-524.3297119140625,0.85767013535780068,0.94625144495683555,0.94579008396934061,0.54117648917085981,0.82168397833319273,0.74555941539652204
-24016.5390625,40741.6171875,-527.8006591796875,0.39772395842215597,0.75955403201720295,0.64030759498184797,0.60392159223556519,0.84859670260373288,0.79046521817936621
-23966.66015625,40748.62890625,-506.2412109375,0.2525951701636408,0.67966168768265667,0.45897731886190529,0.92876586353077606,0.97273356563904712,0.98329873225268194
-24018.34375,40799.98828125,-522.056640625,0.67294119596481328,0.8756632138701046,0.82971165951560522,0.729411780834198,0.89780854126986331,0.86182238424525537
-24026.033203125,40781.6328125,-495.11312866210938,0.74196079969406126,0.90272972513647642,0.86895810085184433,0.77333334684371946,0.91503268480300903,0.88679739236831667
-24122.041015625,40665.6328125,-612.24169921875,0.92655133079080021,0.97187235846238973,0.98280661386602064,0.57882355136029862,0.83792388509301574,0.77287198585622452
-23951.38671875,40775.4453125,-508.24935913085938,0.25660901104702671,0.68327568208470058,0.4648673611528733,0.54745099953576626,0.82439062945982988,0.75011151047313918
-24045.578125,40689.06640625,-580.75177001953125,0.77960785627365115,0.91749327673631553,0.8903652506716111,0.48470589588670177,0.79732411819345816,0.70459055970696849
-24091.212890625,40723.125,-591.96771240234375,0.84536717569126807,0.94182237947688385,0.9364398346227758,0.65411766767501833,0.8682814380701851,0.81900808460572183
-23917.673828125,40782.37890625,-629.784423828125,0.082352945208549494,0.49803923368453978,0.23137255907058715,0.86689735510770016,0.94957324406679944,0.95280277097926425
-23862.8984375,40772.65625,-631.88824462890625,0.14925029587511923,0.55909268295063685,0.29018071223707759,0.67294119596481328,0.8756632138701046,0.82971165951560522
-23882.85546875,40798.390625,-627.0906982421875,0.026374472648489702,0.45005767883038988,0.19138793407701979,0.67921570539474485,0.87812380580341109,0.83327951781889975
-23846.921875,40771.26171875,-707.46929931640625,0.70431374311447148,0.8879661735366372,0.84755095103207756,0.37496348303907057,0.74725107235067034,0.61201078307394885
-23837.22265625,40781.88671875,-696.190673828125,0.61019610166549687,0.85105729453703938,0.79403307648266064,0.57254904099539217,0.83521723396637859,0.76831989077960738
-23821.61328125,40760.8671875,-679.168701171875,0.64784315824508665,0.86582084613687849,0.81544022630242741,0.90219147065106564,0.96239907951915971,0.97739331161274634
-23844.412109375,40736.7890625,-651.23919677734375,0.55372550990067282,0.82709728058646703,0.7546636055497562,0.77333334684371946,0.91503268480300903,0.88679739236831667
-23861.291015625,40738.609375,-642.5926513671875,0.4156862818727306,0.76755095580044919,0.65451751386418067,0.42196079223763711,0.77025760692708634,0.65906960894079769
-23811.978515625,40733.73046875,-651.86505126953125,0.70431374311447148,0.8879661735366372,0.84755095103207756,0.80845829669167013,0.92853518303702864,0.90838908658308148
-23966.55078125,40766.4765625,-569.371826171875,0.078046908857775668,0.49434834484960521,0.22829681868646659,0.4156862818727306,0.76755095580044919,0.65451751386418067
-24002.658203125,40799.29296875,-566.75140380859375,0.39317186334553889,0.75709344008389645,0.63464823260026815,0.55372550990067282,0.82709728058646703,0.7546636055497562
-23965.537109375,40749.5078125,-565.28778076171875,0.09096501791009716,0.50542101135440898,0.2375240398388283,0.78588236570358283,0.91995386866962214,0.89393310897490563
-24030.505859375,40752.32421875,-542.2122802734375,0.46588236479198231,0.7892041648135466,0.69093427447711719,0.52235295807614046,0.81356402495328117,0.73190313016667086
-24029.8203125,40720.875,-553.66552734375,0.49725491661651461,0.80273742044673246,0.71369474986020254,0.60392159223556519,0.84859670260373288,0.79046521817936621
-23990.55078125,40785.1875,-576.90118408203125,0.2452133934287464,0.67104961591608381,0.44692041838870328,0.74196079969406126,0.90272972513647642,0.86895810085184433
-23991.08203125,40795.11328125,-619.35986328125,0.3567551027326023,0.73740870461744423,0.58937333354762955,0.81768551644156962,0.93185698214699242,0.91540177359300501
-23961.40625,40775.4375,-620.48004150390625,0.18246829118214403,0.59784700590021467,0.34443676436648651,0.71058825254440305,0.89042676546994382,0.85111880933537198
-24001.1171875,40792.00390625,-578.61090087890625,0.33854672242613398,0.72756633688421812,0.56673588402131025,0.69176472425460811,0.88304498967002421,0.8404152344254886
-23969.265625,40734.59375,-585.544189453125,0.1972318446519328,0.61507114943336039,0.36855056531289043,0.44705883369726296,0.78108421143363505,0.67727798924726601
-23963.02734375,40744.70703125,-607.836181640625,0.20830450975427439,0.62798925708321962,0.38663591602269343,0.10388312696241865,0.51649367785921285,0.24675126099118999
-23981.1640625,40732.94921875,-617.52752685546875,0.37951557811568776,0.74971166428397695,0.6176701454555289,0.54117648917085981,0.82168397833319273,0.74555941539652204
-24008.50390625,40730.04296875,-612.00213623046875,0.50352942698142111,0.80544407157336961,0.71824684493681967,0.84229143577463483,0.94071511310689593,0.93410227228613463
-24064.5703125,40762.0078125,-558.44482421875,0.70431374311447148,0.8879661735366372,0.84755095103207756,0.30668205688981459,0.71034219335107252,0.52712034735025159
-23992.697265625,40713.203125,-618.97808837890625,0.57254904099539217,0.83521723396637859,0.76831989077960738,0.72313727140426631,0.89534794933655681,0.85825452594196094
-23930.9609375,40776.0234375,-641.609375,0.1972318446519328,0.61507114943336039,0.36855056531289043,0.51607844771123401,0.81085737382664402,0.72735103509005383
-23961.794921875,40737.5625,-472.29330444335938,0.45333334406216941,0.78379086256027219,0.68183008432388303,0.59137257209011151,0.84333718734629015,0.78197617600945868
-23954.958984375,40757.8828125,-466.67764282226562,0.52862746844104691,0.81627067607991832,0.73645522524328788,0.22675895159151038,0.64951943649965171,0.41677816720569832
-23838.517578125,40680.05078125,-491.56668090820312,0.65411766767501833,0.8682814380701851,0.81900808460572183,0.82998847610810222,0.93628604762694412,0.92475202293956982
-23861.107421875,40712.921875,-506.46295166015625,0.32489043719628274,0.72018456108429851,0.54975779687657078,0.2230680632240632,0.64521340061636534,0.41074971696909734
-23797.25390625,40711.890625,-519.4627685546875,0.57882355136029862,0.83792388509301574,0.77287198585622452,0.78588236570358283,0.91995386866962214,0.89393310897490563
-23832.97265625,40694.61328125,-487.46389770507812,0.58509806172520518,0.840630536219653,0.77742408093284165,0.82076125635820274,0.93296424851698034,0.91773933592964618
-23838.0625,40671.98046875,-458.24615478515625,0.77333334684371946,0.91503268480300903,0.88679739236831667,0.44705883369726296,0.78108421143363505,0.67727798924726601
-23828.892578125,40706.9609375,-462.81521606445312,0.64156864881515507,0.86336025420357199,0.81187236799913298,0.66666668653488159,0.8732026219367981,0.82614380121231079
-23831.48046875,40705.5234375,-446.98428344726562,0.71686276197433474,0.89288735740325031,0.85468666763866652,0.56000002026557927,0.82980393171310429,0.75921570062637334
-23918.00390625,40724.40234375,-489.30245971679688,0.27481739135349498,0.6931180498179268,0.4875048106791926,0.50352942698142111,0.80544407157336961,0.71824684493681967
-23937.439453125,40748.66015625,-493.83636474609375,0.2452133934287464,0.67104961591608381,0.44692041838870328,0.6352941393852235,0.86089966227026549,0.80830450969583856
-23905.849609375,40717.28125,-531.10772705078125,0.16770473771235522,0.58062286236706906,0.32032296342008254,0.24890428179619359,0.67535565179937029,0.45294886862530426
-23869.412109375,40727.796875,-527.51123046875,0.17139562607980241,0.58492889825035543,0.32635141365668352,0.57882355136029862,0.83792388509301574,0.77287198585622452
-23902.302734375,40758.4765625,-532.20550537109375,0.0,0.40790465754621169,0.16444444863819607,0.18246829118214403,0.59784700590021467,0.34443676436648651
-23900.796875,40766.4765625,-531.5650634765625,0.0,0.41799308447276845,0.16862745539230459,0.81460977652493649,0.93074971577700449,0.91306421125636383
-23898.935546875,40770.94140625,-531.8289794921875,0.0,0.42303729793604683,0.17071895876935883,0.39317186334553889,0.75709344008389645,0.63464823260026815
-23894.41015625,40775.171875,-530.32916259765625,0.013456363596168211,0.43898501232558607,0.18216071292465807,0.67921570539474485,0.87812380580341109,0.83327951781889975
-23884.61328125,40780.88671875,-515.7476806640625,0.13817763077277762,0.54617457530077762,0.27209536152727465,0.34765091257936814,0.73248752075083112,0.5780546087844699
-23902.580078125,40796.43359375,-529.064453125,0.12971934506706162,0.53863901086882049,0.26520570329591342,0.39317186334553889,0.75709344008389645,0.63464823260026815
-23896.068359375,40764.60546875,-491.96884155273438,0.2452133934287464,0.67104961591608381,0.44692041838870328,0.56627453063048572,0.83251058283974144,0.76376779570299036
-23878.39453125,40766.45703125,-489.16033935546875,0.28392158150672914,0.69803923368453979,0.49882353544235225,0.30668205688981459,0.71034219335107252,0.52712034735025159
-23905.6796875,40749.4765625,-484.68270874023438,0.27481739135349498,0.6931180498179268,0.4875048106791926,0.35220300765598522,0.73494811268413773,0.58371397116604973
-23894.23828125,40729.078125,-457.76870727539062,0.49098040625160816,0.80003076932009531,0.70914265478358551,0.69176472425460811,0.88304498967002421,0.8404152344254886
-23882.078125,40749.296875,-451.9566650390625,0.56000002026557927,0.82980393171310429,0.75921570062637334,0.32944253227289988,0.72264515301760501,0.55541715925815061
-23914.51171875,40760.85546875,-474.77069091796875,0.37951557811568776,0.74971166428397695,0.6176701454555289,0.38406767319230473,0.75217225621728334,0.6233295078371085
-23817.798828125,40710.09765625,-526.252197265625,0.48470589588670177,0.79732411819345816,0.70459055970696849,0.54117648917085981,0.82168397833319273,0.74555941539652204
-23977.888671875,40749.5625,-480.22409057617188,0.47215687515688876,0.79191081594018375,0.69548636955373433,0.48470589588670177,0.79732411819345816,0.70459055970696849
-23854.021484375,40679.8515625,-513.89129638671875,0.59137257209011151,0.84333718734629015,0.78197617600945868,0.29757786673658032,0.7054210094844594,0.51580162258709183
-23862.095703125,40681.9921875,-452.25711059570312,0.71058825254440305,0.89042676546994382,0.85111880933537198,0.69803923368453979,0.8855055816033307,0.84398309272878314
-23970.939453125,40738.3359375,-457.27603149414062,0.61019610166549687,0.85105729453703938,0.79403307648266064,0.42823530260254355,0.77296425805372349,0.66362170401741483
-23972.396484375,40770.3125,-456.16558837890625,0.72313727140426631,0.89534794933655681,0.85825452594196094,0.2525951701636408,0.67966168768265667,0.45897731886190529
-24052.427734375,40709.68359375,-442.80010986328125,0.85767013535780068,0.94625144495683555,0.94579008396934061,0.91104960161096904,0.96584390822578881,0.97936178515939154
-24095.359375,40674.28125,-360.900146484375,0.94205305997063127,0.97790080869899076,0.98625144257264974,0.75450981855392452,0.90765090900308942,0.87609381745843329
-24098.1328125,40796.94140625,-374.14373779296875,0.94648212545058308,0.97962322305230531,0.98723567934597245,0.37496348303907057,0.74725107235067034,0.61201078307394885
-23951.111328125,40774.7890625,-407.57546997070312,0.87612457485759965,0.95289504317676321,0.95981545798918777,0.6290196299552917,0.85843907033695899,0.80473665139254402
-24005.197265625,40763.9921875,-392.07171630859375,0.913264134350945,0.96670511540244608,0.97985390354605284,0.82998847610810222,0.93628604762694412,0.92475202293956982
-23895.009765625,40715.05078125,-526.8536376953125,0.1972318446519328,0.61507114943336039,0.36855056531289043,0.53490197880595347,0.81897732720655558,0.74100732031990502
-23868.779296875,40695.1640625,-468.57400512695312,0.56000002026557927,0.82980393171310429,0.75921570062637334,0.50352942698142111,0.80544407157336961,0.71824684493681967
-23993.416015625,40703.578125,-705.68902587890625,0.89150327444076538,0.95843137502670284,0.97150326967239375,0.48470589588670177,0.79732411819345816,0.70459055970696849
-24110.984375,40650.56640625,-704.66339111328125,0.95312572367051074,0.98220684458227714,0.98871203450595635,0.53490197880595347,0.81897732720655558,0.74100732031990502
-23861.546875,40593.29296875,-552.5291748046875,0.90662053613101734,0.96412149387247426,0.97837754838606894,0.83613995594136858,0.93850058036691997,0.92942714761285217
-23826.6796875,40590.85546875,-570.15289306640625,0.92212226531084851,0.97014994410907518,0.98182237709269804,0.71686276197433474,0.89288735740325031,0.85468666763866652
-23837.431640625,40543.1875,-583.7445068359375,0.94426759271060723,0.97876201587564804,0.98674356095931104,0.52862746844104691,0.81627067607991832,0.73645522524328788
-23913.6328125,40539.83984375,-543.08807373046875,0.92876586353077606,0.97273356563904712,0.98329873225268194,0.67921570539474485,0.87812380580341109,0.83327951781889975
-23941.111328125,40559.4453125,-596.233642578125,0.93762399449067957,0.97617839434567621,0.98526720579932714,0.6290196299552917,0.85843907033695899,0.80473665139254402
-23795.02734375,40496.39453125,-565.3162841796875,0.95976932189043829,0.98479046611224907,0.99018838966594025,0.39317186334553889,0.75709344008389645,0.63464823260026815
-23799.3984375,40516.91015625,-581.51806640625,0.95312572367051074,0.98220684458227714,0.98871203450595635,0.44705883369726296,0.78108421143363505,0.67727798924726601
-23995.4609375,40540.8984375,-539.66851806640625,0.92212226531084851,0.97014994410907518,0.98182237709269804,0.52235295807614046,0.81356402495328117,0.73190313016667086
-24024.103515625,40506.1875,-558.72528076171875,0.94648212545058308,0.97962322305230531,0.98723567934597245,0.21568628648916882,0.63660132884979248,0.39869281649589539
-24126.72265625,40552.578125,-707.3699951171875,0.9641983873703901,0.98651288046556362,0.99117262643926285,0.70431374311447148,0.8879661735366372,0.84755095103207756
-24067.65234375,40513.70703125,-656.56488037109375,0.96198385463041414,0.98565167328890635,0.99068050805260155,0.44078432333235651,0.7783775603069979,0.67272589417064887
-24103.5078125,40478.26953125,-653.83349609375,0.9641983873703901,0.98651288046556362,0.99117262643926285,0.39772395842215597,0.75955403201720295,0.64030759498184797
-23871.275390625,40705.01171875,-449.84783935546875,0.62274512052536013,0.85597847840365238,0.8011687930892496,0.42823530260254355,0.77296425805372349,0.66362170401741483
-23901.814453125,40761.27734375,-460.0994873046875,0.50980393734632756,0.80815072270000687,0.7227989400134367,0.37951557811568776,0.74971166428397695,0.6176701454555289
-23421.755859375,40853.546875,-369.9864501953125,0.93540946175070372,0.97531718716901894,0.98477508741266584,0.84844291560790119,0.94292964584687178,0.93877739695941698
-23974.9140625,40589.0390625,-359.48959350585938,0.93762399449067957,0.97617839434567621,0.98526720579932714,0.37951557811568776,0.74971166428397695,0.6176701454555289
-23911.22265625,40777.046875,-595.3948974609375,0.0,0.31710881520720091,0.12679738785121955,0.52235295807614046,0.81356402495328117,0.73190313016667086
-23917.53125,40795.2421875,-592.45489501953125,0.0,0.35746252291342789,0.14352941486765355,0.80538255677503701,0.92742791666704061,0.9060515242464402
-23909.08984375,40788.3671875,-584.363525390625,0.0,0.29693196135408739,0.11843137434300255,0.913264134350945,0.96670511540244608,0.97985390354605284
-23878.6796875,40756.734375,-676.51739501953125,0.50352942698142111,0.80544407157336961,0.71824684493681967,0.0,0.41799308447276845,0.16862745539230459
-23925.150390625,40791.89453125,-701.43304443359375,0.60392159223556519,0.84859670260373288,0.79046521817936621,0.16770473771235522,0.58062286236706906,0.32032296342008254
-23915.677734375,40800.16015625,-586.85223388671875,0.0,0.37259516330326303,0.14980392499881631,0.37041138796245349,0.74479048041736373,0.60635142069236903
-23926.044921875,40765.78515625,-667.09332275390625,0.38861976826892181,0.75463284815058984,0.62898887021868832,0.37496348303907057,0.74725107235067034,0.61201078307394885
-23907.044921875,40796.45703125,-676.7574462890625,0.36130719780921938,0.73986929655075073,0.59503269592920938,0.80538255677503701,0.92742791666704061,0.9060515242464402
-23872.298828125,40780.8359375,-601.671142578125,0.0,0.35241830945014951,0.14143791149059931,0.2304498399589576,0.6538254723829382,0.42280661744229936
-23905.798828125,40749.8984375,-623.259765625,0.16401384934490804,0.57631682648378257,0.31429451318348156,0.49725491661651461,0.80273742044673246,0.71369474986020254
-23880.880859375,40741.7890625,-634.256103515625,0.29757786673658032,0.7054210094844594,0.51580162258709183,0.0,0.26666668057441711,0.10588235408067703
-23947.318359375,40779.76171875,-644.48809814453125,0.24890428179619359,0.67535565179937029,0.45294886862530426,0.60392159223556519,0.84859670260373288,0.79046521817936621
-23911.150390625,40793.40625,-644.064208984375,0.15294118424256642,0.56339871883392334,0.29620916247367857,0.50980393734632756,0.80815072270000687,0.7227989400134367
-23888.40625,40797.5546875,-616.55841064453125,0.0,0.39781623061965493,0.16026144188408759,0.20092273301938002,0.61937718531664676,0.37457901554949147
-23897.669921875,40786.12109375,-606.31329345703125,0.0,0.33728566906031443,0.13516340135943655,0.27936948643011206,0.6955786417512333,0.49316417306077243
-24053.109375,40640.2421875,-304.8343505859375,0.94869665819055893,0.98048443022896259,0.98772779773263375,0.45960785442707586,0.78649751368690946,0.68638217940050017
-24009.400390625,40524.25,-213.36009216308594,0.95976932189043829,0.98479046611224907,0.99018838966594025,0.53490197880595347,0.81897732720655558,0.74100732031990502
-23977.30078125,40559.6328125,-286.08993530273438,0.95534025641048659,0.98306805175893452,0.98920415289261765,0.80538255677503701,0.92742791666704061,0.9060515242464402
-23888.65234375,40772.75,-592.890380859375,0.0,0.30702038828064415,0.12261438109711105,0.27936948643011206,0.6955786417512333,0.49316417306077243
-23884.416015625,40766.2734375,-578.52691650390625,0.0,0.30197617481736572,0.12052287772005679,0.73568629026412968,0.90026913320316992,0.8653902425485499
-23875.208984375,40767.6171875,-585.448486328125,0.0,0.332241455597036,0.13307189798238231,0.6290196299552917,0.85843907033695899,0.80473665139254402
-23882.728515625,40776.5546875,-586.80535888671875,0.0,0.28684353442753063,0.11424836758889403,0.47843138552179526,0.7946174670668209,0.70003846463035135
-24037.15234375,40587.8125,-343.94625854492188,0.94648212545058308,0.97962322305230531,0.98723567934597245,0.53490197880595347,0.81897732720655558,0.74100732031990502
-23906.869140625,40778.5703125,-596.55291748046875,0.0,0.31206460174392253,0.12470588447416531,0.3021299618131974,0.7078816014177659,0.52146098496867155
-24062.951171875,40484.33984375,-336.32525634765625,0.9641983873703901,0.98651288046556362,0.99117262643926285,0.80845829669167013,0.92853518303702864,0.90838908658308148
-23913.849609375,40802.234375,-602.7626953125,0.0,0.39781623061965493,0.16026144188408759,0.36585929288583641,0.74232988848405723,0.6006920583107892
-23872.1171875,40756.65625,-585.4820556640625,0.0,0.40790465754621169,0.16444444863819607,0.3339946273495169,0.72510574495091162,0.56107652163973043
-23925.25,40701.83984375,-540.952392578125,0.26116110612364374,0.68573627401800719,0.47052672353445313,0.23414072832640478,0.65813150826622457,0.42883506767890034
-23910.123046875,40683.53125,-553.85980224609375,0.45333334406216941,0.78379086256027219,0.68183008432388303,0.0,0.36755094983998465,0.14771242162176207
-23899.8828125,40708.2734375,-534.64691162109375,0.22675895159151038,0.64951943649965171,0.41677816720569832,0.082352945208549494,0.49803923368453978,0.23137255907058715
-23900.115234375,40671.52734375,-539.66265869140625,0.56627453063048572,0.83251058283974144,0.76376779570299036,0.82383699627483598,0.93407151488696827,0.92007689826628747
-23865.3203125,40646.48828125,-568.44873046875,0.82998847610810222,0.93628604762694412,0.92475202293956982,0.86689735510770016,0.94957324406679944,0.95280277097926425
-23881.0234375,40708.55859375,-586.850341796875,0.34309881750275106,0.73002692881752462,0.57239524640289008,0.76705883741378789,0.91257209286970253,0.88322953406502214
-23887.1640625,40711.91796875,-615.88751220703125,0.43450981296745012,0.77567090918036075,0.66817379909403196,0.68549021482467665,0.88058439773671771,0.83684737612219418
-23867.091796875,40678.9453125,-619.49444580078125,0.80230681685840377,0.92632065029705268,0.90371396190979902,0.70431374311447148,0.8879661735366372,0.84755095103207756
-23922.525390625,40660.86328125,-610.44683837890625,0.82383699627483598,0.93407151488696827,0.92007689826628747,0.52235295807614046,0.81356402495328117,0.73190313016667086
-23852.04296875,40800.01171875,-632.67840576171875,0.11249519966396632,0.5238754555290821,0.25290274175943112,0.67921570539474485,0.87812380580341109,0.83327951781889975
-23842.177734375,40689.5859375,-594.9774169921875,0.69176472425460811,0.88304498967002421,0.8404152344254886,0.74823530912399294,0.90519031706978292,0.87252595915513875
-23840.056640625,40645.33984375,-541.47161865234375,0.83613995594136858,0.93850058036691997,0.92942714761285217,0.42823530260254355,0.77296425805372349,0.66362170401741483
-23795.6484375,40636.28125,-569.797119140625,0.89997693791108979,0.96153787234250232,0.97690119322608504,0.26571320120026082,0.68819686595131369,0.47618608591603295
-23932.529296875,40727.4609375,-612.52496337890625,0.26116110612364374,0.68573627401800719,0.47052672353445313,0.37496348303907057,0.74725107235067034,0.61201078307394885
-23880.310546875,40735.84765625,-620.175537109375,0.26116110612364374,0.68573627401800719,0.47052672353445313,0.21199539812172161,0.63229529296650611,0.39266436625929441
-23949.431640625,40746.52734375,-703.86798095703125,0.77960785627365115,0.91749327673631553,0.8903652506716111,0.64156864881515507,0.86336025420357199,0.81187236799913298
-23913.62109375,40735.09765625,-697.474853515625,0.7607843279838562,0.91011150093639603,0.87966167576172771,0.36585929288583641,0.74232988848405723,0.6006920583107892
-23907.37109375,40712.7734375,-621.28997802734375,0.43450981296745012,0.77567090918036075,0.66817379909403196,0.36585929288583641,0.74232988848405723,0.6006920583107892
-23878.99609375,40757.63671875,-602.05078125,0.022068436297715877,0.44636678999545526,0.1883121936928992,0.33854672242613398,0.72756633688421812,0.56673588402131025
-23867.16015625,40719.65625,-590.26287841796875,0.29302577165996324,0.70296041755115279,0.5101422602055119,0.27481739135349498,0.6931180498179268,0.4875048106791926
-23898.720703125,40756.47265625,-587.0145263671875,0.0,0.35746252291342789,0.14352941486765355,0.35220300765598522,0.73494811268413773,0.58371397116604973
-23868.853515625,40759.59765625,-598.513671875,0.022068436297715877,0.44636678999545526,0.1883121936928992,0.3567551027326023,0.73740870461744423,0.58937333354762955
-23973.7421875,40640.58203125,-262.43954467773438,0.95534025641048659,0.98306805175893452,0.98920415289261765,0.82076125635820274,0.93296424851698034,0.91773933592964618
-23934.111328125,40761.22265625,-615.75177001953125,0.095271054260870985,0.5091119001893436,0.24059978022294887,0.22675895159151038,0.64951943649965171,0.41677816720569832
-23422.873046875,41003.81640625,-472.4534912109375,0.96641292011036595,0.9873740876422209,0.99166474482592415,0.80538255677503701,0.92742791666704061,0.9060515242464402
-23888.6328125,40787.74609375,-598.02276611328125,0.0,0.30702038828064415,0.12261438109711105,0.44705883369726296,0.78108421143363505,0.67727798924726601
-23876.748046875,40799.19921875,-592.97650146484375,0.0,0.32719724213375767,0.13098039460532807,0.71686276197433474,0.89288735740325031,0.85468666763866652
-23829.328125,40755.44140625,-584.90496826171875,0.1750865144472496,0.58923493413364181,0.3323798638932845,0.25660901104702671,0.68327568208470058,0.4648673611528733
-23853.318359375,40779.43359375,-602.9476318359375,0.0048442908946205454,0.43160323465571682,0.17600923215641695,0.37951557811568776,0.74971166428397695,0.6176701454555289
-23854.404296875,40790.6796875,-589.68426513671875,0.0,0.36755094983998465,0.14771242162176207,0.8269127361914691,0.93517878125695619,0.92241446060292864
-23854.361328125,40795.15234375,-598.165283203125,0.0,0.38772780369309817,0.15607843512997907,0.39772395842215597,0.75955403201720295,0.64030759498184797
-23852.26171875,40801.5859375,-597.46875,0.0,0.40286044408293348,0.16235294526114188,0.59764708245501796,0.8460438384729273,0.7865282710860757
-23810.10546875,40803.7734375,-592.32183837890625,0.1750865144472496,0.58923493413364181,0.3323798638932845,0.40941177150782415,0.76484430467381193,0.64996541878756353
-23851.375,40772.68359375,-575.33050537109375,0.0,0.39781623061965493,0.16026144188408759,0.6352941393852235,0.86089966227026549,0.80830450969583856
-23844.953125,40799.9921875,-571.6514892578125,0.013456363596168211,0.43898501232558607,0.18216071292465807,0.73568629026412968,0.90026913320316992,0.8653902425485499
-23824.255859375,40784.734375,-571.7205810546875,0.099577090611644825,0.51280278902427823,0.24367552060706943,0.57254904099539217,0.83521723396637859,0.76831989077960738
-23819.66796875,40802.29296875,-544.835693359375,0.21937717485661601,0.64090736473307885,0.40472126673249637,0.54117648917085981,0.82168397833319273,0.74555941539652204
-23799.85546875,40767.328125,-540.3681640625,0.3021299618131974,0.7078816014177659,0.52146098496867155,0.81153403660830326,0.92964244940701657,0.91072664891972266
-23816.46484375,40787.92578125,-553.96826171875,0.17139562607980241,0.58492889825035543,0.32635141365668352,0.68549021482467665,0.88058439773671771,0.83684737612219418
-24042.412109375,40527.1484375,-463.151611328125,0.92876586353077606,0.97273356563904712,0.98329873225268194,0.52235295807614046,0.81356402495328117,0.73190313016667086
-23983.201171875,40529.359375,-529.7003173828125,0.92655133079080021,0.97187235846238973,0.98280661386602064,0.45960785442707586,0.78649751368690946,0.68638217940050017
-24058.419921875,40584.3515625,-479.99526977539062,0.90883506887099319,0.96498270104913153,0.97886966677273024,0.56000002026557927,0.82980393171310429,0.75921570062637334
-24017.96875,40590.3828125,-514.39764404296875,0.88842753452413226,0.95732410865671491,0.96916570733575258,0.6290196299552917,0.85843907033695899,0.80473665139254402
-24001.892578125,40590.33203125,-520.6329345703125,0.88535179460749902,0.95621684228672699,0.96682814499911141,0.73568629026412968,0.90026913320316992,0.8653902425485499
-24006.58203125,40607.87890625,-496.44772338867188,0.86689735510770016,0.94957324406679944,0.95280277097926425,0.69176472425460811,0.88304498967002421,0.8404152344254886
-23981.697265625,40600.83984375,-523.66455078125,0.86997309502433329,0.95068051043678736,0.95514033331590542,0.75450981855392452,0.90765090900308942,0.87609381745843329
-23971.48828125,40586.4921875,-521.86431884765625,0.8822760546908659,0.95510957591673906,0.96449058266247023,0.75450981855392452,0.90765090900308942,0.87609381745843329
-23965.755859375,40583.953125,-519.01409912109375,0.88535179460749902,0.95621684228672699,0.96682814499911141,0.42196079223763711,0.77025760692708634,0.65906960894079769
-23976.951171875,40588.02734375,-492.62530517578125,0.87920031477423277,0.95400230954675114,0.96215302032582906,0.34309881750275106,0.73002692881752462,0.57239524640289008
-23966.939453125,40591.71875,-462.57421875,0.89150327444076538,0.95843137502670284,0.97150326967239375,0.3021299618131974,0.7078816014177659,0.52146098496867155
-23846.5078125,40720.1484375,-591.18316650390625,0.36585929288583641,0.74232988848405723,0.6006920583107892,0.69803923368453979,0.8855055816033307,0.84398309272878314
-23881.341796875,40796.296875,-596.41546630859375,0.0,0.31710881520720091,0.12679738785121955,0.36585929288583641,0.74232988848405723,0.6006920583107892
-23874.24609375,40789.70703125,-534.8995361328125,0.056516727103906511,0.47589390067493215,0.21291811676586375,0.57254904099539217,0.83521723396637859,0.76831989077960738
-23894.109375,40766.9765625,-542.326904296875,0.0,0.35241830945014951,0.14143791149059931,0.6290196299552917,0.85843907033695899,0.80473665139254402
-23882.666015625,40802.71484375,-584.3770751953125,0.0,0.33728566906031443,0.13516340135943655,0.58509806172520518,0.840630536219653,0.77742408093284165
-23947.791015625,40726.05859375,-556.8470458984375,0.12971934506706162,0.53863901086882049,0.26520570329591342,0.43450981296745012,0.77567090918036075,0.66817379909403196
-23910.63671875,40743.03515625,-558.09466552734375,0.0,0.39277201715637655,0.15816993850703331,0.31578624704304864,0.71526337721768551,0.53843907211341113
-23949.3046875,40742.5234375,-533.11627197265625,0.09096501791009716,0.50542101135440898,0.2375240398388283,0.69803923368453979,0.8855055816033307,0.84398309272878314
-23917.6640625,40748.65625,-542.43621826171875,0.0,0.39277201715637655,0.15816993850703331,0.33854672242613398,0.72756633688421812,0.56673588402131025
-23927.62890625,40742.2421875,-532.2835693359375,0.039292581700811194,0.4611303453351937,0.2006151552293815,0.66039217710494991,0.8707420300034916,0.82257594290901637
-23893.923828125,40741.375,-553.5972900390625,0.0,0.41799308447276845,0.16862745539230459,0.59137257209011151,0.84333718734629015,0.78197617600945868
-23895.548828125,40752.36328125,-553.9912109375,0.0,0.34737409598687119,0.13934640811354507,0.18246829118214403,0.59784700590021467,0.34443676436648651
-23901.443359375,40757.5703125,-549.734375,0.0,0.332241455597036,0.13307189798238231,0.73568629026412968,0.90026913320316992,0.8653902425485499
-23887.62890625,40739.3203125,-542.706787109375,0.030680508999263542,0.45374856766532451,0.19446367446114035,0.77960785627365115,0.91749327673631553,0.8903652506716111
-23872.353515625,40752.51953125,-537.98846435546875,0.017762399946942051,0.44267590116052069,0.18523645330877864,0.74823530912399294,0.90519031706978292,0.87252595915513875
-23947.138671875,40773.515625,-559.5347900390625,0.00053825454384673344,0.42791234582078225,0.17293349177229639,0.47215687515688876,0.79191081594018375,0.69548636955373433
-23907.009765625,40760.66015625,-559.983154296875,0.0,0.30197617481736572,0.12052287772005679,0.82383699627483598,0.93407151488696827,0.92007689826628747
-23940.326171875,40786.1796875,-558.35693359375,0.017762399946942051,0.44267590116052069,0.18523645330877864,0.56627453063048572,0.83251058283974144,0.76376779570299036
-23907.265625,40793.921875,-571.43060302734375,0.0,0.32719724213375767,0.13098039460532807,0.29757786673658032,0.7054210094844594,0.51580162258709183
-23914.552734375,40786.18359375,-547.290283203125,0.0,0.40286044408293348,0.16235294526114188,0.15294118424256642,0.56339871883392334,0.29620916247367857
-23896.751953125,40762.9765625,-570.08135986328125,0.0,0.29188774789080901,0.11633987096594829,0.42196079223763711,0.77025760692708634,0.65906960894079769
-23896.759765625,40779.5390625,-576.3970947265625,0.0,0.26666668057441711,0.10588235408067703,0.84229143577463483,0.94071511310689593,0.93410227228613463
-23904.162109375,40779.7890625,-555.838623046875,0.0,0.31206460174392253,0.12470588447416531,0.37496348303907057,0.74725107235067034,0.61201078307394885
-23879.421875,40760.578125,-571.84552001953125,0.0,0.332241455597036,0.13307189798238231,0.22675895159151038,0.64951943649965171,0.41677816720569832
-23872.712890625,40764.3359375,-562.43194580078125,0.0,0.33728566906031443,0.13516340135943655,0.56000002026557927,0.82980393171310429,0.75921570062637334
-23877.416015625,40792.78125,-575.139892578125,0.0,0.30702038828064415,0.12261438109711105,0.62274512052536013,0.85597847840365238,0.8011687930892496
-23887.55859375,40782.18359375,-547.58642578125,0.0,0.35746252291342789,0.14352941486765355,0.66039217710494991,0.8707420300034916,0.82257594290901637
-23896.56640625,40794.59765625,-539.59893798828125,0.043598618051585034,0.46482123417012833,0.20369089561350207,0.54745099953576626,0.82439062945982988,0.75011151047313918
-23948.392578125,40439.015625,-253.68844604492188,0.9686274528503418,0.98823529481887817,0.99215686321258545,0.71686276197433474,0.89288735740325031,0.85468666763866652
-24034.521484375,40702.15625,-569.19000244140625,0.6352941393852235,0.86089966227026549,0.80830450969583856,0.2452133934287464,0.67104961591608381,0.44692041838870328
-23754.8828125,40650.38671875,-906.7559814453125,0.95091119093053478,0.98134563740561986,0.98821991611929505,0.88842753452413226,0.95732410865671491,0.96916570733575258
-23903.373046875,40808.28125,-766.4552001953125,0.86689735510770016,0.94957324406679944,0.95280277097926425,0.68549021482467665,0.88058439773671771,0.83684737612219418
-23922.81640625,40830.328125,-794.65997314453125,0.913264134350945,0.96670511540244608,0.97985390354605284,0.85151865552453432,0.9440369122168597,0.94111495929605815
-23836.23828125,40900.50390625,-813.9501953125,0.93319492901072787,0.97445597999236166,0.98428296902600454,0.67921570539474485,0.87812380580341109,0.83327951781889975
-24377.494140625,40774.6875,-709.5545654296875,0.95755478915046244,0.9839292589355918,0.98969627127927895,0.59764708245501796,0.8460438384729273,0.7865282710860757
-24356.798828125,40757.77734375,-624.58367919921875,0.95755478915046244,0.9839292589355918,0.98969627127927895,0.87920031477423277,0.95400230954675114,0.96215302032582906
-24327.8515625,40733.82421875,-655.75836181640625,0.95534025641048659,0.98306805175893452,0.98920415289261765,0.62274512052536013,0.85597847840365238,0.8011687930892496
-23946.40625,40944.6640625,-874.19500732421875,0.94869665819055893,0.98048443022896259,0.98772779773263375,0.034986545350037368,0.45743945650025908,0.19753941484526091
-24217.265625,40709.55078125,-690.9744873046875,0.95976932189043829,0.98479046611224907,0.99018838966594025,0.48470589588670177,0.79732411819345816,0.70459055970696849
-24220.396484375,40715.0703125,-607.34039306640625,0.95091119093053478,0.98134563740561986,0.98821991611929505,0.39772395842215597,0.75955403201720295,0.64030759498184797
-24241.466796875,40751.12890625,-606.677001953125,0.95312572367051074,0.98220684458227714,0.98871203450595635,0.54117648917085981,0.82168397833319273,0.74555941539652204
-24279.70703125,40803.46484375,-579.3546142578125,0.95976932189043829,0.98479046611224907,0.99018838966594025,0.61647061109542844,0.85351788647034588,0.79760093478595506
-24051.55859375,40862.79296875,-744.57952880859375,0.93762399449067957,0.97617839434567621,0.98526720579932714,0.1898500679170384,0.60645907766678753,0.35649366483968847
-24110.26953125,40806.15234375,-780.04656982421875,0.94205305997063127,0.97790080869899076,0.98625144257264974,0.75450981855392452,0.90765090900308942,0.87609381745843329
-24117.998046875,40819.18359375,-796.81732177734375,0.94426759271060723,0.97876201587564804,0.98674356095931104,0.84229143577463483,0.94071511310689593,0.93410227228613463
-23973.951171875,40927.3203125,-839.916259765625,0.94648212545058308,0.97962322305230531,0.98723567934597245,0.65411766767501833,0.8682814380701851,0.81900808460572183
-23959.44140625,40872.42578125,-858.334716796875,0.94426759271060723,0.97876201587564804,0.98674356095931104,0.87920031477423277,0.95400230954675114,0.96215302032582906
-24050.001953125,40852.5,-819.15399169921875,0.93983852723065542,0.97703960152233349,0.98575932418598844,0.7921568751335144,0.92241446060292864,0.89750096727820006
-24099.267578125,40844.46484375,-859.03997802734375,0.95312572367051074,0.98220684458227714,0.98871203450595635,0.66039217710494991,0.8707420300034916,0.82257594290901637
-23836.25390625,40983.08203125,-953.2904052734375,0.95976932189043829,0.98479046611224907,0.99018838966594025,0.68549021482467665,0.88058439773671771,0.83684737612219418
-23931.318359375,41009.33203125,-974.4803466796875,0.96198385463041414,0.98565167328890635,0.99068050805260155,0.086658981559323334,0.50173012251947435,0.23444829945470771
-23786.146484375,40914.21875,-955.53680419921875,0.95976932189043829,0.98479046611224907,0.99018838966594025,0.39772395842215597,0.75955403201720295,0.64030759498184797
-23808.185546875,40914.54296875,-959.56939697265625,0.95976932189043829,0.98479046611224907,0.99018838966594025,0.57882355136029862,0.83792388509301574,0.77287198585622452
-23920.83984375,40936.0546875,-901.7308349609375,0.94869665819055893,0.98048443022896259,0.98772779773263375,0.099577090611644825,0.51280278902427823,0.24367552060706943
-23994.400390625,40941.44140625,-944.345947265625,0.95755478915046244,0.9839292589355918,0.98969627127927895,0.84844291560790119,0.94292964584687178,0.93877739695941698
-23542.505859375,40735.08203125,-765.56573486328125,0.95755478915046244,0.9839292589355918,0.98969627127927895,0.68549021482467665,0.88058439773671771,0.83684737612219418
-23896.974609375,40856.828125,-711.46685791015625,0.71686276197433474,0.89288735740325031,0.85468666763866652,0.39772395842215597,0.75955403201720295,0.64030759498184797
-23820.33984375,40877.19921875,-797.63623046875,0.91547866709092085,0.96756632257910336,0.98034602193271414,0.1972318446519328,0.61507114943336039,0.36855056531289043
-23807.1015625,40833.07421875,-709.9573974609375,0.68549021482467665,0.88058439773671771,0.83684737612219418,0.88535179460749902,0.95621684228672699,0.96682814499911141
-23830.14453125,40868.21875,-718.34002685546875,0.75450981855392452,0.90765090900308942,0.87609381745843329,0.39317186334553889,0.75709344008389645,0.63464823260026815
-23503.353515625,40920.765625,-806.9403076171875,0.96641292011036595,0.9873740876422209,0.99166474482592415,0.64784315824508665,0.86582084613687849,0.81544022630242741
-23614.017578125,40957.94140625,-709.7967529296875,0.94869665819055893,0.98048443022896259,0.98772779773263375,0.75450981855392452,0.90765090900308942,0.87609381745843329
-23695.5234375,40879.16015625,-746.1217041015625,0.91547866709092085,0.96756632257910336,0.98034602193271414,0.39317186334553889,0.75709344008389645,0.63464823260026815
-23772.259765625,40868.91015625,-727.6470947265625,0.83306421602473546,0.93739331399693204,0.92708958527621099,0.42196079223763711,0.77025760692708634,0.65906960894079769
-23767.615234375,40850.68359375,-752.5611572265625,0.86997309502433329,0.95068051043678736,0.95514033331590542,0.42196079223763711,0.77025760692708634,0.65906960894079769
-23724.599609375,40823.5390625,-717.35516357421875,0.87304883494096641,0.95178777680677529,0.9574778956525466,0.52862746844104691,0.81627067607991832,0.73645522524328788
-23634.201171875,40979.31640625,-878.323974609375,0.9641983873703901,0.98651288046556362,0.99117262643926285,0.57882355136029862,0.83792388509301574,0.77287198585622452
-23600.3828125,40853.390625,-874.95068359375,0.95976932189043829,0.98479046611224907,0.99018838966594025,0.9176931998308967,0.96842752975576063,0.98083814031937544
-23761.330078125,40852.8125,-815.7615966796875,0.93319492901072787,0.97445597999236166,0.98428296902600454,0.49725491661651461,0.80273742044673246,0.71369474986020254
-23524.91796875,40808.9609375,-910.491943359375,0.95976932189043829,0.98479046611224907,0.99018838966594025,0.85459439544116744,0.94514417858684763,0.94345252163269944
-23542.744140625,40820.671875,-946.59539794921875,0.95976932189043829,0.98479046611224907,0.99018838966594025,0.81153403660830326,0.92964244940701657,0.91072664891972266
-23656.326171875,40961.37890625,-934.1707763671875,0.9641983873703901,0.98651288046556362,0.99117262643926285,0.58509806172520518,0.840630536219653,0.77742408093284165
-23571.130859375,40686.05859375,-752.93743896484375,0.95534025641048659,0.98306805175893452,0.98920415289261765,0.57254904099539217,0.83521723396637859,0.76831989077960738
-23669.390625,40828.69140625,-904.1500244140625,0.95755478915046244,0.9839292589355918,0.98969627127927895,0.66039217710494991,0.8707420300034916,0.82257594290901637
-23896.166015625,41008.06640625,-771.87713623046875,0.95534025641048659,0.98306805175893452,0.98920415289261765,0.78588236570358283,0.91995386866962214,0.89393310897490563
-23878.658203125,41001.37109375,-804.0970458984375,0.95755478915046244,0.9839292589355918,0.98969627127927895,0.27936948643011206,0.6955786417512333,0.49316417306077243
-24290.501953125,40874.7890625,-647.49383544921875,0.95755478915046244,0.9839292589355918,0.98969627127927895,0.55372550990067282,0.82709728058646703,0.7546636055497562
-23830.603515625,40908.8046875,-724.36688232421875,0.8607458752744338,0.94735871132682348,0.94812764630598179,0.35220300765598522,0.73494811268413773,0.58371397116604973
-23824.04296875,40776.5,-637.2867431640625,0.28847367658334622,0.70049982561784629,0.50448289782393207,0.6352941393852235,0.86089966227026549,0.80830450969583856
-24354.173828125,40575.19921875,-627.76177978515625,0.96641292011036595,0.9873740876422209,0.99166474482592415,0.23783161669385211,0.66243754414951117,0.43486351791550149
-24258.732421875,40583.96484375,-615.562255859375,0.96198385463041414,0.98565167328890635,0.99068050805260155,0.44078432333235651,0.7783775603069979,0.67272589417064887
-24248.8046875,40599.296875,-537.43115234375,0.95755478915046244,0.9839292589355918,0.98969627127927895,0.729411780834198,0.89780854126986331,0.86182238424525537
-24144.2578125,40601.5234375,-597.193359375,0.95091119093053478,0.98134563740561986,0.98821991611929505,0.65411766767501833,0.8682814380701851,0.81900808460572183
-23918.00390625,40912.546875,-710.1392822265625,0.89150327444076538,0.95843137502670284,0.97150326967239375,0.8269127361914691,0.93517878125695619,0.92241446060292864
-23797.48828125,40856.6171875,-729.86187744140625,0.80845829669167013,0.92853518303702864,0.90838908658308148,0.67294119596481328,0.8756632138701046,0.82971165951560522
-24356.23828125,40749.9375,-684.93865966796875,0.95534025641048659,0.98306805175893452,0.98920415289261765,0.64156864881515507,0.86336025420357199,0.81187236799913298
-23746.51171875,40857.7265625,-1030.1187744140625,0.9686274528503418,0.98823529481887817,0.99215686321258545,0.88535179460749902,0.95621684228672699,0.96682814499911141
-23663.4609375,41064.43359375,-711.92803955078125,0.95976932189043829,0.98479046611224907,0.99018838966594025,0.8607458752744338,0.94735871132682348,0.94812764630598179
-23671.443359375,40759.70703125,-751.33502197265625,0.94205305997063127,0.97790080869899076,0.98625144257264974,0.56000002026557927,0.82980393171310429,0.75921570062637334
-23659.4140625,40680.80078125,-731.30548095703125,0.94648212545058308,0.97962322305230531,0.98723567934597245,0.85151865552453432,0.9440369122168597,0.94111495929605815
-24063.380859375,40660.890625,-831.09765625,0.95976932189043829,0.98479046611224907,0.99018838966594025,0.62274512052536013,0.85597847840365238,0.8011687930892496
-24078.107421875,40664.23046875,-823.10882568359375,0.95976932189043829,0.98479046611224907,0.99018838966594025,0.4156862818727306,0.76755095580044919,0.65451751386418067
-23784.5703125,40620.546875,-777.65631103515625,0.9641983873703901,0.98651288046556362,0.99117262643926285,0.36585929288583641,0.74232988848405723,0.6006920583107892
-24142.72265625,40861.58203125,-267.52740478515625,0.96641292011036595,0.9873740876422209,0.99166474482592415,0.39772395842215597,0.75955403201720295,0.64030759498184797
-24185.68359375,40766.0234375,-284.45196533203125,0.96198385463041414,0.98565167328890635,0.99068050805260155,0.82076125635820274,0.93296424851698034,0.91773933592964618
-24203.849609375,40697.9453125,-275.4276123046875,0.9641983873703901,0.98651288046556362,0.99117262643926285,0.42196079223763711,0.77025760692708634,0.65906960894079769
-24145.3828125,40849.19140625,-368.33737182617188,0.94869665819055893,0.98048443022896259,0.98772779773263375,0.64156864881515507,0.86336025420357199,0.81187236799913298
-24169.046875,40838.0625,-409.93368530273438,0.94869665819055893,0.98048443022896259,0.98772779773263375,0.86382161519106693,0.9484659776968114,0.95046520864262296
-24239.93359375,40860.60546875,-515.84613037109375,0.95976932189043829,0.98479046611224907,0.99018838966594025,0.55372550990067282,0.82709728058646703,0.7546636055497562
-24140.091796875,40975.77734375,-606.8890380859375,0.94869665819055893,0.98048443022896259,0.98772779773263375,0.82998847610810222,0.93628604762694412,0.92475202293956982
-24139.58984375,40779.07421875,-535.9461669921875,0.9176931998308967,0.96842752975576063,0.98083814031937544,0.31123415196643156,0.7128027852843789,0.53277970973183131
-24157.208984375,40520.39453125,-488.67755126953125,0.95091119093053478,0.98134563740561986,0.98821991611929505,0.69176472425460811,0.88304498967002421,0.8404152344254886
-24187.47265625,40915.25390625,-578.285888671875,0.95091119093053478,0.98134563740561986,0.98821991611929505,0.7607843279838562,0.91011150093639603,0.87966167576172771
-24172.017578125,40485.01953125,-470.30242919921875,0.95976932189043829,0.98479046611224907,0.99018838966594025,0.69176472425460811,0.88304498967002421,0.8404152344254886
-24148.5625,40602.1328125,-470.25833129882812,0.93319492901072787,0.97445597999236166,0.98428296902600454,0.79843138456344609,0.92487505253623514,0.90106882558149448
-24139.337890625,40592.78125,-408.75186157226562,0.94426759271060723,0.97876201587564804,0.98674356095931104,0.59137257209011151,0.84333718734629015,0.78197617600945868
-24216.365234375,40574.5625,-396.93438720703125,0.95755478915046244,0.9839292589355918,0.98969627127927895,0.76705883741378789,0.91257209286970253,0.88322953406502214
-24275.869140625,40645.60546875,-475.57614135742188,0.95976932189043829,0.98479046611224907,0.99018838966594025,0.70431374311447148,0.8879661735366372,0.84755095103207756
-24177.47265625,40921.43359375,-679.18121337890625,0.95534025641048659,0.98306805175893452,0.98920415289261765,0.80538255677503701,0.92742791666704061,0.9060515242464402
-24230.78515625,40974.171875,-709.4154052734375,0.9641983873703901,0.98651288046556362,0.99117262643926285,0.7921568751335144,0.92241446060292864,0.89750096727820006
-24150.453125,40634.9765625,-519.1817626953125,0.92433679805082436,0.97101115128573245,0.98231449547935934,0.66666668653488159,0.8732026219367981,0.82614380121231079
-24146.98828125,40705.234375,-443.8463134765625,0.93098039627075191,0.97359477281570439,0.98379085063934324,0.45960785442707586,0.78649751368690946,0.68638217940050017
-24198.564453125,40785.92578125,-503.9482421875,0.95091119093053478,0.98134563740561986,0.98821991611929505,0.17139562607980241,0.58492889825035543,0.32635141365668352
-24149.912109375,40638.63671875,-405.7724609375,0.93983852723065542,0.97703960152233349,0.98575932418598844,0.74823530912399294,0.90519031706978292,0.87252595915513875
-24261.712890625,40727.1953125,-387.74798583984375,0.96641292011036595,0.9873740876422209,0.99166474482592415,0.83613995594136858,0.93850058036691997,0.92942714761285217
-24026.95703125,40792.5078125,-831.55096435546875,0.94648212545058308,0.97962322305230531,0.98723567934597245,0.56627453063048572,0.83251058283974144,0.76376779570299036
-24005.267578125,40641.05078125,-770.93939208984375,0.95312572367051074,0.98220684458227714,0.98871203450595635,0.66039217710494991,0.8707420300034916,0.82257594290901637
-24051.90234375,40745.90234375,-730.03192138671875,0.9176931998308967,0.96842752975576063,0.98083814031937544,0.75450981855392452,0.90765090900308942,0.87609381745843329
-24019.322265625,40731.59765625,-775.99285888671875,0.93319492901072787,0.97445597999236166,0.98428296902600454,0.42196079223763711,0.77025760692708634,0.65906960894079769
-23597.908203125,40663.26953125,-733.57177734375,0.95534025641048659,0.98306805175893452,0.98920415289261765,0.43450981296745012,0.77567090918036075,0.66817379909403196
-23691.109375,40744.1328125,-822.15838623046875,0.94869665819055893,0.98048443022896259,0.98772779773263375,0.90219147065106564,0.96239907951915971,0.97739331161274634
-23683.8125,40713.2421875,-804.29974365234375,0.94869665819055893,0.98048443022896259,0.98772779773263375,0.90219147065106564,0.96239907951915971,0.97739331161274634
-23625.724609375,40797.84765625,-924.5289306640625,0.95755478915046244,0.9839292589355918,0.98969627127927895,0.83613995594136858,0.93850058036691997,0.92942714761285217
-23777.419921875,40732.5390625,-645.00555419921875,0.80845829669167013,0.92853518303702864,0.90838908658308148,0.21199539812172161,0.63229529296650611,0.39266436625929441
-23846.841796875,40767.4765625,-660.12054443359375,0.37951557811568776,0.74971166428397695,0.6176701454555289,0.56627453063048572,0.83251058283974144,0.76376779570299036
-23820.134765625,40801.6796875,-651.293212890625,0.3021299618131974,0.7078816014177659,0.52146098496867155,0.030680508999263542,0.45374856766532451,0.19446367446114035
-23847.037109375,40778.328125,-638.889404296875,0.2046136213868272,0.62368322119993325,0.38060746578609239,0.47215687515688876,0.79191081594018375,0.69548636955373433
-23636.44921875,40670.328125,-906.40081787109375,0.95976932189043829,0.98479046611224907,0.99018838966594025,0.69803923368453979,0.8855055816033307,0.84398309272878314
-23741.15625,40675.3984375,-903.5906982421875,0.95091119093053478,0.98134563740561986,0.98821991611929505,0.67294119596481328,0.8756632138701046,0.82971165951560522
-23712.58203125,40650.45703125,-891.04669189453125,0.95091119093053478,0.98134563740561986,0.98821991611929505,0.57254904099539217,0.83521723396637859,0.76831989077960738
-23859.47265625,40738.5703125,-509.47332763671875,0.20830450975427439,0.62798925708321962,0.38663591602269343,0.16770473771235522,0.58062286236706906,0.32032296342008254
-23670.58203125,40741.54296875,-763.94696044921875,0.94205305997063127,0.97790080869899076,0.98625144257264974,0.50352942698142111,0.80544407157336961,0.71824684493681967
-23729.17578125,40658.0546875,-913.156494140625,0.95091119093053478,0.98134563740561986,0.98821991611929505,0.54745099953576626,0.82439062945982988,0.75011151047313918
-23859.40625,40766.71484375,-745.155029296875,0.84844291560790119,0.94292964584687178,0.93877739695941698,0.42823530260254355,0.77296425805372349,0.66362170401741483
-23830.05859375,40754.34375,-728.56304931640625,0.84844291560790119,0.94292964584687178,0.93877739695941698,0.45333334406216941,0.78379086256027219,0.68183008432388303
-23790.240234375,40784.546875,-767.343505859375,0.90219147065106564,0.96239907951915971,0.97739331161274634,0.81153403660830326,0.92964244940701657,0.91072664891972266
-23917.607421875,40770.359375,-741.83111572265625,0.83613995594136858,0.93850058036691997,0.92942714761285217,0.92876586353077606,0.97273356563904712,0.98329873225268194
-23886.9375,40747.83203125,-731.322021484375,0.83921569585800171,0.939607846736908,0.93176470994949345,0.87304883494096641,0.95178777680677529,0.9574778956525466
-23939.505859375,40737.69140625,-735.93017578125,0.86689735510770016,0.94957324406679944,0.95280277097926425,0.95755478915046244,0.9839292589355918,0.98969627127927895
-23867.818359375,40730.8046875,-755.927490234375,0.90440600339104149,0.96326028669581698,0.97788542999940764,0.2452133934287464,0.67104961591608381,0.44692041838870328
-23854.978515625,40701.30859375,-733.31268310546875,0.9176931998308967,0.96842752975576063,0.98083814031937544,0.69803923368453979,0.8855055816033307,0.84398309272878314
-23888.25,40682.65234375,-786.01702880859375,0.94869665819055893,0.98048443022896259,0.98772779773263375,0.27936948643011206,0.6955786417512333,0.49316417306077243
-23846.82421875,40792.00390625,-822.5650634765625,0.93540946175070372,0.97531718716901894,0.98477508741266584,0.57254904099539217,0.83521723396637859,0.76831989077960738
-23929.015625,40673.80078125,-838.3359375,0.95976932189043829,0.98479046611224907,0.99018838966594025,0.52235295807614046,0.81356402495328117,0.73190313016667086
-24020.263671875,40779.1328125,-736.90521240234375,0.89997693791108979,0.96153787234250232,0.97690119322608504,0.49725491661651461,0.80273742044673246,0.71369474986020254
-23762.8203125,40732.9921875,-991.46820068359375,0.96641292011036595,0.9873740876422209,0.99166474482592415,0.72313727140426631,0.89534794933655681,0.85825452594196094
-23573.1484375,40986.8046875,-817.5770263671875,0.96198385463041414,0.98565167328890635,0.99068050805260155,0.84229143577463483,0.94071511310689593,0.93410227228613463
-23991.255859375,40996.37109375,-794.79595947265625,0.96198385463041414,0.98565167328890635,0.99068050805260155,0.69176472425460811,0.88304498967002421,0.8404152344254886
-23932.16796875,40673.375,-398.61248779296875,0.86689735510770016,0.94957324406679944,0.95280277097926425,0.54745099953576626,0.82439062945982988,0.75011151047313918
-23345.30859375,41109.59765625,-800.68560791015625,0.913264134350945,0.96670511540244608,0.97985390354605284,0.61019610166549687,0.85105729453703938,0.79403307648266064
-23323.841796875,41086.92578125,-829.5743408203125,0.92655133079080021,0.97187235846238973,0.98280661386602064,0.59137257209011151,0.84333718734629015,0.78197617600945868
-23310.271484375,41081.32421875,-809.301513671875,0.91547866709092085,0.96756632257910336,0.98034602193271414,0.49098040625160816,0.80003076932009531,0.70914265478358551
-23291.978515625,41109.55078125,-820.35498046875,0.91547866709092085,0.96756632257910336,0.98034602193271414,0.52862746844104691,0.81627067607991832,0.73645522524328788
-23308.08203125,41065.85546875,-777.6826171875,0.90883506887099319,0.96498270104913153,0.97886966677273024,0.57882355136029862,0.83792388509301574,0.77287198585622452
-23265.208984375,41067.94140625,-765.4521484375,0.913264134350945,0.96670511540244608,0.97985390354605284,0.59137257209011151,0.84333718734629015,0.78197617600945868
-23312.76171875,41066.94921875,-753.05279541015625,0.90219147065106564,0.96239907951915971,0.97739331161274634,0.40941177150782415,0.76484430467381193,0.64996541878756353
-23334.634765625,41109.31640625,-783.64801025390625,0.90440600339104149,0.96326028669581698,0.97788542999940764,0.50352942698142111,0.80544407157336961,0.71824684493681967
-23333.818359375,41116.953125,-747.91705322265625,0.913264134350945,0.96670511540244608,0.97985390354605284,0.44078432333235651,0.7783775603069979,0.67272589417064887
-24087.052734375,40710.2421875,-299.71005249023438,0.95534025641048659,0.98306805175893452,0.98920415289261765,0.69176472425460811,0.88304498967002421,0.8404152344254886
-23973.15234375,40644.0,-334.64419555664062,0.93319492901072787,0.97445597999236166,0.98428296902600454,0.729411780834198,0.89780854126986331,0.86182238424525537
-23304.21875,41111.19140625,-778.98724365234375,0.89765475427403174,0.9606459077666788,0.97617839434567621,0.44078432333235651,0.7783775603069979,0.67272589417064887
-23284.0234375,41092.734375,-755.109375,0.89457901435739851,0.95953864139669087,0.97384083200903504,0.49098040625160816,0.80003076932009531,0.70914265478358551
-23358.240234375,41112.2578125,-815.4677734375,0.92433679805082436,0.97101115128573245,0.98231449547935934,0.67294119596481328,0.8756632138701046,0.82971165951560522
-23279.208984375,41109.41015625,-765.854248046875,0.89457901435739851,0.95953864139669087,0.97384083200903504,0.71058825254440305,0.89042676546994382,0.85111880933537198
-23314.931640625,41075.609375,-726.68011474609375,0.90440600339104149,0.96326028669581698,0.97788542999940764,0.60392159223556519,0.84859670260373288,0.79046521817936621
-23301.2734375,41077.859375,-729.6275634765625,0.90219147065106564,0.96239907951915971,0.97739331161274634,0.47843138552179526,0.7946174670668209,0.70003846463035135
-23251.173828125,41132.3515625,-727.8487548828125,0.91547866709092085,0.96756632257910336,0.98034602193271414,0.62274512052536013,0.85597847840365238,0.8011687930892496
-23192.96484375,41117.73828125,-760.33184814453125,0.92876586353077606,0.97273356563904712,0.98329873225268194,0.59764708245501796,0.8460438384729273,0.7865282710860757
-23977.982421875,40265.82421875,-369.84878540039062,0.95976932189043829,0.98479046611224907,0.99018838966594025,0.51607844771123401,0.81085737382664402,0.72735103509005383
-23999.908203125,40315.28515625,-408.20034790039062,0.94648212545058308,0.97962322305230531,0.98723567934597245,0.85459439544116744,0.94514417858684763,0.94345252163269944
-23985.67578125,40340.4375,-415.57363891601562,0.94426759271060723,0.97876201587564804,0.98674356095931104,0.90219147065106564,0.96239907951915971,0.97739331161274634
-23976.3203125,40340.4140625,-404.43692016601562,0.94205305997063127,0.97790080869899076,0.98625144257264974,0.8822760546908659,0.95510957591673906,0.96449058266247023
-24001.01953125,40318.3515625,-372.02413940429688,0.94426759271060723,0.97876201587564804,0.98674356095931104,0.81460977652493649,0.93074971577700449,0.91306421125636383
-24048.705078125,40402.3984375,-393.33724975585938,0.95534025641048659,0.98306805175893452,0.98920415289261765,0.87612457485759965,0.95289504317676321,0.95981545798918777
-23976.6484375,40380.80859375,-400.128662109375,0.94426759271060723,0.97876201587564804,0.98674356095931104,0.66039217710494991,0.8707420300034916,0.82257594290901637
-24014.388671875,40362.2421875,-378.85104370117188,0.94426759271060723,0.97876201587564804,0.98674356095931104,0.85151865552453432,0.9440369122168597,0.94111495929605815
-23998.9453125,40394.53125,-395.97662353515625,0.94648212545058308,0.97962322305230531,0.98723567934597245,0.89150327444076538,0.95843137502670284,0.97150326967239375
-23276.33203125,41129.9453125,-772.2821044921875,0.90440600339104149,0.96326028669581698,0.97788542999940764,0.66039217710494991,0.8707420300034916,0.82257594290901637
-23444.107421875,40991.51171875,-773.84307861328125,0.95534025641048659,0.98306805175893452,0.98920415289261765,0.62274512052536013,0.85597847840365238,0.8011687930892496
-24333.279296875,40886.3125,-705.9281005859375,0.95755478915046244,0.9839292589355918,0.98969627127927895,0.88535179460749902,0.95621684228672699,0.96682814499911141
-23803.06640625,40746.9453125,-450.35946655273438,0.75450981855392452,0.90765090900308942,0.87609381745843329,0.68549021482467665,0.88058439773671771,0.83684737612219418
-23849.0390625,40770.06640625,-513.4365234375,0.19354095628448562,0.61076511355007401,0.36252211507628945,0.16770473771235522,0.58062286236706906,0.32032296342008254
-23836.6875,40757.0234375,-486.02117919921875,0.38861976826892181,0.75463284815058984,0.62898887021868832,0.64784315824508665,0.86582084613687849,0.81544022630242741
-23790.587890625,40722.84765625,-469.39108276367188,0.70431374311447148,0.8879661735366372,0.84755095103207756,0.3021299618131974,0.7078816014177659,0.52146098496867155
-23930.666015625,40661.64453125,-442.340087890625,0.80230681685840377,0.92632065029705268,0.90371396190979902,0.68549021482467665,0.88058439773671771,0.83684737612219418
-23861.181640625,40776.203125,-486.59539794921875,0.36130719780921938,0.73986929655075073,0.59503269592920938,0.26571320120026082,0.68819686595131369,0.47618608591603295
-23805.736328125,40745.16796875,-508.40066528320312,0.40941177150782415,0.76484430467381193,0.64996541878756353,0.7921568751335144,0.92241446060292864,0.89750096727820006
