x,y,z,pr,pg,pb,vr,vg,vb
-12678.3935546875,-13809.1240234375,40924.9921875,1.0,0.46666666666666667,0.53333333333333333,1.0,0.51372549019607838,0.48627450980392162
-12677.875,-13797.1591796875,40937.46875,1.0,0.49803921568627452,0.50196078431372548,1.0,0.42352941176470588,0.57647058823529407
-12709.90234375,-14018.5380859375,41143.36328125,1.0,0.011764705882352941,0.9882352941176471,1.0,0.62745098039215685,0.37254901960784315
-12734.44921875,-13763.0068359375,40941.00390625,1.0,0.49411764705882355,0.50588235294117645,1.0,0.56862745098039214,0.43137254901960786
-12657.8115234375,-13821.4853515625,40902.21875,1.0,0.25490196078431371,0.74509803921568629,1.0,0.46274509803921571,0.53725490196078429
-12612.5126953125,-13807.533203125,40904.38671875,1.0,0.11764705882352941,0.88235294117647056,1.0,0.46666666666666667,0.53333333333333333
-12755.9228515625,-13987.71875,41010.93359375,1.0,0.039215686274509803,0.96078431372549022,1.0,0.36862745098039218,0.63137254901960782
-12633.2099609375,-14030.6962890625,41116.125,1.0,0.0078431372549019607,0.99215686274509807,1.0,0.53725490196078429,0.46274509803921571
-12679.2333984375,-13836.2080078125,40912.34765625,1.0,0.38431372549019605,0.61568627450980395,1.0,0.30980392156862746,0.69019607843137254
-12752.1103515625,-13779.6748046875,40981.87109375,1.0,0.72941176470588232,0.27058823529411768,1.0,0.4823529411764706,0.51764705882352935
-12727.9921875,-13786.1318359375,40980.98828125,1.0,0.82352941176470584,0.17647058823529416,1.0,0.24705882352941178,0.75294117647058822
-12701.99609375,-13778.208984375,40957.2421875,1.0,0.62745098039215685,0.37254901960784315,1.0,0.36470588235294116,0.63529411764705879
-12756.734375,-13770.7900390625,40966.78515625,1.0,0.62352941176470589,0.37647058823529411,1.0,0.42352941176470588,0.57647058823529407
-12730.2666015625,-13793.685546875,40975.22265625,1.0,0.89411764705882346,0.10588235294117654,1.0,0.24705882352941178,0.75294117647058822
-12740.140625,-13767.87109375,40953.92578125,1.0,0.59999999999999998,0.40000000000000002,1.0,0.5490196078431373,0.4509803921568627
-12693.396484375,-13812.630859375,40975.1328125,1.0,0.78431372549019607,0.21568627450980393,1.0,0.6588235294117647,0.3411764705882353
-12750.70703125,-13783.22265625,40944.05078125,1.0,0.64313725490196072,0.35686274509803928,1.0,0.54509803921568623,0.45490196078431377
-12738.37890625,-13940.7001953125,41019.86328125,1.0,0.12549019607843137,0.87450980392156863,1.0,0.23921568627450979,0.76078431372549016
-12728.7578125,-13758.083984375,40967.18359375,1.0,0.54509803921568623,0.45490196078431377,1.0,0.25882352941176467,0.74117647058823533
-12753.3642578125,-13754.71875,40945.4140625,1.0,0.41960784313725491,0.58039215686274503,1.0,0.38823529411764707,0.61176470588235299
-12605.5439453125,-13679.3857421875,40902.35546875,1.0,0.039215686274509803,0.96078431372549022,1.0,0.49803921568627452,0.50196078431372548
-12646.458984375,-13996.0419921875,41019.734375,1.0,0.035294117647058823,0.96470588235294119,1.0,0.56470588235294117,0.43529411764705883
-12588.5126953125,-13772.2060546875,40843.67578125,1.0,0.054901960784313725,0.94509803921568625,1.0,0.30588235294117649,0.69411764705882351
-12557.5283203125,-13808.32421875,40892.34765625,1.0,0.043137254901960784,0.95686274509803926,1.0,0.3411764705882353,0.6588235294117647
-12521.021484375,-13818.544921875,40886.16015625,1.0,0.019607843137254902,0.98039215686274506,1.0,0.62745098039215685,0.37254901960784315
-12545.75,-13752.712890625,40867.34375,1.0,0.031372549019607843,0.96862745098039216,1.0,0.13725490196078433,0.86274509803921573
-12572.6640625,-13663.7724609375,40807.91796875,1.0,0.011764705882352941,0.9882352941176471,1.0,0.30588235294117649,0.69411764705882351
-12730.9404296875,-13844.80078125,41009.078125,1.0,0.73725490196078436,0.26274509803921564,1.0,0.37254901960784315,0.62745098039215685
-12585.337890625,-13766.5986328125,40932.515625,1.0,0.066666666666666666,0.93333333333333335,1.0,0.50588235294117645,0.49411764705882355
-12557.0302734375,-13736.61328125,40962.98046875,1.0,0.039215686274509803,0.96078431372549022,1.0,0.47058823529411764,0.52941176470588236
-12559.376953125,-13704.365234375,40969.59765625,1.0,0.039215686274509803,0.96078431372549022,1.0,0.43137254901960786,0.56862745098039214
-12744.443359375,-13654.375,40860.19140625,1.0,0.027450980392156862,0.97254901960784312,1.0,0.56470588235294117,0.43529411764705883
-12645.552734375,-13653.0615234375,40813.71484375,1.0,0.0078431372549019607,0.99215686274509807,1.0,0.36078431372549019,0.63921568627450975
-12734.4638671875,-13650.091796875,40937.23828125,1.0,0.066666666666666666,0.93333333333333335,1.0,0.62745098039215685,0.37254901960784315
-12716.6953125,-13880.513671875,41002.0,1.0,0.50196078431372548,0.49803921568627452,1.0,0.23529411764705882,0.76470588235294112
-12714.1318359375,-13843.6123046875,40983.3828125,1.0,0.8666666666666667,0.1333333333333333,1.0,0.29803921568627451,0.70196078431372544
-12706.0087890625,-13647.0087890625,40896.6640625,1.0,0.043137254901960784,0.95686274509803926,1.0,0.23921568627450979,0.76078431372549016
-12734.8095703125,-13623.89453125,40969.58984375,1.0,0.050980392156862744,0.94901960784313721,1.0,0.56862745098039214,0.43137254901960786
-12690.8720703125,-13859.6240234375,40988.62890625,1.0,0.60392156862745094,0.39607843137254906,1.0,0.52156862745098043,0.47843137254901957
-12689.90234375,-13888.0966796875,41066.1640625,1.0,0.16470588235294117,0.83529411764705885,1.0,0.20392156862745098,0.79607843137254908
-12756.294921875,-13861.2099609375,41034.5703125,1.0,0.41176470588235292,0.58823529411764708,1.0,0.49803921568627452,0.50196078431372548
-12660.603515625,-13621.3974609375,40936.25,1.0,0.027450980392156862,0.97254901960784312,1.0,0.38823529411764707,0.61176470588235299
-12702.65234375,-13528.56640625,40980.33203125,1.0,0.011764705882352941,0.9882352941176471,1.0,0.396078431372549,0.60392156862745106
-12770.955078125,-13819.865234375,40998.47265625,1.0,0.72941176470588232,0.27058823529411768,1.0,0.38431372549019605,0.61568627450980395
-12741.9130859375,-13833.353515625,40986.27734375,1.0,0.92941176470588238,0.070588235294117618,1.0,0.52941176470588236,0.47058823529411764
-12729.3818359375,-13830.4072265625,40984.1171875,1.0,0.96862745098039216,0.031372549019607843,1.0,0.22352941176470587,0.77647058823529413
-12721.5517578125,-13813.62890625,40976.88671875,1.0,0.98039215686274506,0.019607843137254943,1.0,0.52549019607843139,0.47450980392156861
-12677.4208984375,-13690.5146484375,40979.4140625,1.0,0.10588235294117647,0.89411764705882357,1.0,0.43137254901960786,0.56862745098039214
-12714.8388671875,-13959.0068359375,41028.84375,1.0,0.090196078431372548,0.90980392156862744,1.0,0.31372549019607843,0.68627450980392157
-12676.8251953125,-13686.357421875,40956.05859375,1.0,0.10196078431372549,0.89803921568627454,1.0,0.36862745098039218,0.63137254901960782
-12657.470703125,-13715.7666015625,40917.9765625,1.0,0.10980392156862745,0.8901960784313725,1.0,0.47843137254901957,0.52156862745098043
-12684.9287109375,-13975.826171875,41060.0078125,1.0,0.050980392156862744,0.94901960784313721,1.0,0.50196078431372548,0.49803921568627452
-12644.8955078125,-13936.9853515625,41035.3515625,1.0,0.098039215686274508,0.90196078431372551,1.0,0.72156862745098038,0.27843137254901962
-12598.404296875,-13960.970703125,41038.671875,1.0,0.039215686274509803,0.96078431372549022,1.0,0.43137254901960786,0.56862745098039214
-12711.6416015625,-13909.0087890625,40987.140625,1.0,0.32549019607843138,0.67450980392156867,1.0,0.22352941176470587,0.77647058823529413
-12709.6005859375,-13909.4873046875,41015.015625,1.0,0.2627450980392157,0.73725490196078436,1.0,0.5490196078431373,0.4509803921568627
-12702.9013671875,-13923.583984375,41009.85546875,1.0,0.20784313725490194,0.79215686274509811,1.0,0.43137254901960786,0.56862745098039214
-12770.5595703125,-13864.8828125,40985.046875,1.0,0.5490196078431373,0.4509803921568627,1.0,0.32549019607843138,0.67450980392156867
-12679.98046875,-13779.5107421875,40898.79296875,1.0,0.2627450980392157,0.73725490196078436,1.0,0.47058823529411764,0.52941176470588236
-12737.751953125,-13859.3740234375,40985.6875,1.0,0.75686274509803919,0.24313725490196081,1.0,0.18823529411764706,0.81176470588235294
-12744.416015625,-13839.2666015625,41000.7265625,1.0,0.81568627450980391,0.18431372549019609,1.0,0.20000000000000001,0.80000000000000004
-12647.6826171875,-13786.4404296875,40931.84765625,1.0,0.25882352941176467,0.74117647058823533,1.0,0.45490196078431372,0.54509803921568634
-12759.6103515625,-13863.8349609375,41016.05859375,1.0,0.50588235294117645,0.49411764705882355,1.0,0.40000000000000002,0.59999999999999998
-12754.5986328125,-13838.466796875,41022.28515625,1.0,0.60784313725490191,0.39215686274509809,1.0,0.62352941176470589,0.37647058823529411
-12735.19140625,-13849.7216796875,41015.24609375,1.0,0.65490196078431373,0.34509803921568627,1.0,0.37647058823529411,0.62352941176470589
-12665.052734375,-13810.8642578125,40941.24609375,1.0,0.44705882352941173,0.55294117647058827,1.0,0.58039215686274503,0.41960784313725497
-12674.3701171875,-13794.5,40948.58984375,1.0,0.50196078431372548,0.49803921568627452,1.0,0.52156862745098043,0.47843137254901957
-12675.74609375,-13810.494140625,40956.51171875,1.0,0.58823529411764708,0.41176470588235292,1.0,0.6470588235294118,0.3529411764705882
-12641.43359375,-13790.6689453125,40953.84765625,1.0,0.25490196078431371,0.74509803921568629,1.0,0.55294117647058827,0.44705882352941173
-12753.8310546875,-13707.64453125,40923.93359375,1.0,0.12156862745098039,0.8784313725490196,1.0,0.50980392156862742,0.49019607843137258
-12693.0458984375,-13738.0703125,40933.41015625,1.0,0.24705882352941178,0.75294117647058822,1.0,0.4392156862745098,0.5607843137254902
-12752.3271484375,-13738.068359375,40966.87890625,1.0,0.34901960784313724,0.65098039215686276,1.0,0.42745098039215684,0.5725490196078431
-12707.4580078125,-13745.111328125,40938.05078125,1.0,0.32549019607843138,0.67450980392156867,1.0,0.396078431372549,0.60392156862745106
-12712.38671875,-13733.740234375,40963.06640625,1.0,0.30980392156862746,0.69019607843137254,1.0,0.68627450980392157,0.31372549019607843
-12748.8955078125,-13682.09375,40958.74609375,1.0,0.10588235294117647,0.89411764705882357,1.0,0.47058823529411764,0.52941176470588236
-12718.236328125,-13691.09375,40973.8984375,1.0,0.13725490196078433,0.86274509803921573,1.0,0.25490196078431371,0.74509803921568629
-12647.8603515625,-13744.111328125,40960.5859375,1.0,0.16470588235294117,0.83529411764705885,1.0,0.31764705882352939,0.68235294117647061
-12726.01953125,-13811.6103515625,40973.26171875,1.0,0.9882352941176471,0.011764705882352899,1.0,0.76862745098039209,0.23137254901960791
-12795.8896484375,-13643.3466796875,41128.13671875,1.0,0.011764705882352941,0.9882352941176471,1.0,0.49411764705882355,0.50588235294117645
-12756.4755859375,-14047.2431640625,41047.8203125,1.0,0.0039215686274509803,0.99607843137254903,1.0,0.36862745098039218,0.63137254901960782
-12843.6552734375,-13432.32421875,41080.53515625,1.0,0.011764705882352941,0.9882352941176471,1.0,0.34509803921568627,0.65490196078431373
-12838.11328125,-13424.623046875,41102.1640625,1.0,0.011764705882352941,0.9882352941176471,1.0,0.25490196078431371,0.74509803921568629
-12721.1005859375,-14021.845703125,40723.63671875,1.0,0.0039215686274509803,0.99607843137254903,1.0,0.24313725490196078,0.75686274509803919
-12645.0771484375,-14019.7451171875,40776.15234375,1.0,0.011764705882352941,0.9882352941176471,1.0,0.59215686274509804,0.40784313725490196
-12711.3486328125,-13967.412109375,40672.04296875,1.0,0.0078431372549019607,0.99215686274509807,1.0,0.32549019607843138,0.67450980392156867
-12597.419921875,-13934.072265625,40658.125,1.0,0.0078431372549019607,0.99215686274509807,1.0,0.41568627450980389,0.58431372549019611
-12684.9111328125,-13896.287109375,40640.80859375,1.0,0.0039215686274509803,0.99607843137254903,1.0,0.49019607843137253,0.50980392156862742
-12792.861328125,-13400.6025390625,41017.4765625,1.0,0.0,1.0,1.0,0.4392156862745098,0.5607843137254902
-12712.564453125,-13933.1005859375,40717.375,1.0,0.0078431372549019607,0.99215686274509807,1.0,0.59215686274509804,0.40784313725490196
-12657.255859375,-13862.267578125,40740.0078125,1.0,0.015686274509803921,0.98431372549019613,1.0,0.34901960784313724,0.65098039215686276
-12631.8173828125,-13901.8115234375,40777.23828125,1.0,0.023529411764705882,0.97647058823529409,1.0,0.43529411764705883,0.56470588235294117
-12586.2431640625,-13933.52734375,40696.4453125,1.0,0.019607843137254902,0.98039215686274506,1.0,0.36078431372549019,0.63921568627450975
-12550.2138671875,-13989.9609375,40765.2109375,1.0,0.011764705882352941,0.9882352941176471,1.0,0.1764705882352941,0.82352941176470584
-12513.6259765625,-13937.384765625,40775.03515625,1.0,0.0078431372549019607,0.99215686274509807,1.0,0.13725490196078433,0.86274509803921573
-12594.419921875,-13893.646484375,40749.55078125,1.0,0.027450980392156862,0.97254901960784312,1.0,0.078431372549019607,0.92156862745098045
-12578.8916015625,-13880.6396484375,40750.27734375,1.0,0.023529411764705882,0.97647058823529409,1.0,0.33333333333333331,0.66666666666666674
-12611.6201171875,-14001.576171875,40739.77734375,1.0,0.011764705882352941,0.9882352941176471,1.0,0.61568627450980395,0.38431372549019605
-12854.9794921875,-13516.5234375,41075.47265625,1.0,0.0039215686274509803,0.99607843137254903,1.0,0.33333333333333331,0.66666666666666674
-12738.7568359375,-13822.0390625,40990.640625,1.0,0.94509803921568625,0.054901960784313752,1.0,0.59607843137254901,0.40392156862745099
-12795.3115234375,-13541.083984375,41019.48828125,1.0,0.0078431372549019607,0.99215686274509807,1.0,0.32941176470588235,0.67058823529411771
-12775.5234375,-13829.45703125,41004.28125,1.0,0.6470588235294118,0.3529411764705882,1.0,0.60392156862745094,0.39607843137254906
-12802.7119140625,-13795.55078125,41019.734375,1.0,0.36078431372549019,0.63921568627450975,1.0,0.69411764705882351,0.30588235294117649
-12825.712890625,-13790.541015625,41008.2734375,1.0,0.25490196078431371,0.74509803921568629,1.0,0.51372549019607838,0.48627450980392162
-12799.6455078125,-13792.7939453125,40982.53515625,1.0,0.46666666666666667,0.53333333333333333,1.0,0.59607843137254901,0.40392156862745099
-12692.9140625,-13835.013671875,40968.5078125,1.0,0.77647058823529413,0.22352941176470587,1.0,1.0,0.0
-12793.4208984375,-13775.3115234375,40985.60546875,1.0,0.44313725490196076,0.55686274509803924,1.0,0.32549019607843138,0.67450980392156867
-12784.7958984375,-13775.51953125,41002.5859375,1.0,0.46274509803921571,0.53725490196078429,1.0,0.37647058823529411,0.62352941176470589
-12785.59375,-13777.2216796875,41010.96484375,1.0,0.43529411764705883,0.56470588235294117,1.0,0.59999999999999998,0.40000000000000002
-12791.1220703125,-13766.9091796875,41012.19921875,1.0,0.34901960784313724,0.65098039215686276,1.0,0.37647058823529411,0.62352941176470589
-12790.0791015625,-13758.244140625,41012.18359375,1.0,0.30980392156862746,0.69019607843137254,1.0,0.20000000000000001,0.80000000000000004
-12784.60546875,-13828.5439453125,41036.26171875,1.0,0.396078431372549,0.60392156862745106,1.0,0.50980392156862742,0.49019607843137258
-12806.609375,-13661.4892578125,41063.06640625,1.0,0.031372549019607843,0.96862745098039216,1.0,0.49019607843137253,0.50980392156862742
-12864.3291015625,-13830.12890625,41129.1171875,1.0,0.019607843137254902,0.98039215686274506,1.0,0.396078431372549,0.60392156862745106
-12901.1494140625,-13714.1044921875,41121.0390625,1.0,0.0078431372549019607,0.99215686274509807,1.0,0.31372549019607843,0.68627450980392157
-12803.830078125,-13684.0146484375,41080.45703125,1.0,0.031372549019607843,0.96862745098039216,1.0,0.59215686274509804,0.40784313725490196
-13025.43359375,-13599.1220703125,40985.875,1.0,0.0039215686274509803,0.99607843137254903,1.0,0.40784313725490196,0.59215686274509804
-12789.4580078125,-13605.6259765625,41059.6875,1.0,0.015686274509803921,0.98431372549019613,1.0,0.32156862745098036,0.67843137254901964
-12479.0556640625,-13857.919921875,40754.77734375,1.0,0.0,1.0,1.0,0.47450980392156861,0.52549019607843139
-12709.818359375,-13794.509765625,40966.28125,1.0,0.82352941176470584,0.17647058823529416,1.0,0.18431372549019609,0.81568627450980391
-12573.619140625,-13773.1064453125,40753.75390625,1.0,0.0039215686274509803,0.99607843137254903,1.0,0.396078431372549,0.60392156862745106
-12739.2763671875,-14020.38671875,40856.046875,1.0,0.015686274509803921,0.98431372549019613,1.0,0.42745098039215684,0.5725490196078431
-12688.517578125,-13891.7568359375,40970.875,1.0,0.39215686274509803,0.60784313725490202,1.0,0.32549019607843138,0.67450980392156867
-12735.234375,-13872.5009765625,40954.890625,1.0,0.61176470588235299,0.38823529411764701,1.0,0.38039215686274508,0.61960784313725492
-12734.7783203125,-13844.9736328125,40947.2890625,1.0,0.80392156862745101,0.19607843137254899,1.0,0.31372549019607843,0.68627450980392157
-12740.623046875,-13839.453125,40953.953125,1.0,0.86274509803921573,0.13725490196078427,1.0,0.49019607843137253,0.50980392156862742
-12733.478515625,-13846.4921875,40956.91015625,1.0,0.85490196078431369,0.14509803921568631,1.0,0.69411764705882351,0.30588235294117649
-12767.7138671875,-13838.958984375,40981.1015625,1.0,0.74901960784313726,0.25098039215686274,1.0,0.55294117647058827,0.44705882352941173
-12716.017578125,-13877.201171875,40959.765625,1.0,0.58823529411764708,0.41176470588235292,1.0,0.52156862745098043,0.47843137254901957
-12686.3310546875,-13894.2744140625,40965.2109375,1.0,0.36470588235294116,0.63529411764705879,1.0,0.60392156862745094,0.39607843137254906
-12709.0,-13852.2216796875,40964.7890625,1.0,0.80000000000000004,0.19999999999999996,1.0,0.45098039215686275,0.5490196078431373
-12691.8583984375,-13859.5107421875,40981.69140625,1.0,0.63137254901960782,0.36862745098039218,1.0,0.52156862745098043,0.47843137254901957
-12601.865234375,-13862.7119140625,40933.94140625,1.0,0.070588235294117646,0.92941176470588238,1.0,0.54117647058823526,0.45882352941176474
-12683.80078125,-13880.4443359375,40938.8515625,1.0,0.37647058823529411,0.62352941176470589,1.0,0.43529411764705883,0.56470588235294117
-12557.064453125,-13929.2275390625,40963.99609375,1.0,0.019607843137254902,0.98039215686274506,1.0,0.33725490196078434,0.66274509803921566
-12706.01953125,-13827.001953125,40978.8515625,1.0,0.89803921568627454,0.10196078431372546,1.0,0.19215686274509802,0.80784313725490198
-12566.3095703125,-13876.609375,40981.71875,1.0,0.039215686274509803,0.96078431372549022,1.0,0.47450980392156861,0.52549019607843139
-12478.0966796875,-13925.22265625,40914.55859375,1.0,0.0,1.0,1.0,0.49411764705882355,0.50588235294117645
-12708.7021484375,-13841.1103515625,40968.625,1.0,0.87450980392156863,0.12549019607843137,1.0,0.45490196078431372,0.54509803921568634
-12696.65234375,-13905.4287109375,40948.828125,1.0,0.30196078431372547,0.69803921568627447,1.0,0.40000000000000002,0.59999999999999998
-12763.279296875,-13842.2373046875,40925.765625,1.0,0.49411764705882355,0.50588235294117645,1.0,0.54509803921568623,0.45490196078431377
-12747.623046875,-13861.6005859375,40920.77734375,1.0,0.43529411764705883,0.56470588235294117,1.0,0.090196078431372548,0.90980392156862744
-12687.287109375,-14027.06640625,40889.4453125,1.0,0.019607843137254902,0.98039215686274506,1.0,0.20000000000000001,0.80000000000000004
-12705.1640625,-14023.6875,40892.74609375,1.0,0.023529411764705882,0.97647058823529409,1.0,0.53725490196078429,0.46274509803921571
-12537.37890625,-14064.3857421875,40830.08984375,1.0,0.0,1.0,1.0,0.3529411764705882,0.6470588235294118
-12771.3349609375,-13948.6826171875,40870.52734375,1.0,0.035294117647058823,0.96470588235294119,1.0,0.40784313725490196,0.59215686274509804
-12718.5263671875,-13937.927734375,40889.09765625,1.0,0.078431372549019607,0.92156862745098045,1.0,0.3411764705882353,0.6588235294117647
-12609.6806640625,-14003.49609375,40835.2421875,1.0,0.0078431372549019607,0.99215686274509807,1.0,0.37647058823529411,0.62352941176470589
-12683.033203125,-13930.158203125,40868.875,1.0,0.047058823529411764,0.95294117647058818,1.0,0.40784313725490196,0.59215686274509804
-12641.8564453125,-13859.13671875,40873.0703125,1.0,0.090196078431372548,0.90980392156862744,1.0,0.078431372549019607,0.92156862745098045
-12648.0634765625,-13838.8583984375,40877.90234375,1.0,0.13725490196078433,0.86274509803921573,1.0,0.32549019607843138,0.67450980392156867
-12696.236328125,-13951.12890625,40933.73828125,1.0,0.10196078431372549,0.89803921568627454,1.0,0.20784313725490194,0.79215686274509811
-12758.3251953125,-13948.7587890625,40965.921875,1.0,0.10588235294117647,0.89411764705882357,1.0,0.30196078431372547,0.69803921568627447
-12736.5078125,-13928.6826171875,40976.47265625,1.0,0.20784313725490194,0.79215686274509811,1.0,0.19607843137254902,0.80392156862745101
-12721.611328125,-13939.326171875,40952.3984375,1.0,0.16470588235294117,0.83529411764705885,1.0,0.63921568627450975,0.36078431372549025
-12742.490234375,-13914.8427734375,40933.00390625,1.0,0.21568627450980393,0.78431372549019607,1.0,0.1764705882352941,0.82352941176470584
-12732.267578125,-13886.2138671875,40925.5,1.0,0.35686274509803922,0.64313725490196072,1.0,0.59215686274509804,0.40784313725490196
-12689.734375,-13898.3515625,40897.50390625,1.0,0.15686274509803921,0.84313725490196079,1.0,0.33725490196078434,0.66274509803921566
-12747.6435546875,-13878.0546875,40924.2734375,1.0,0.36470588235294116,0.63529411764705879,1.0,0.71764705882352942,0.28235294117647058
-12546.177734375,-13712.44140625,40802.73828125,1.0,0.011764705882352941,0.9882352941176471,1.0,0.36078431372549019,0.63921568627450975
-12739.505859375,-13818.515625,40994.7265625,1.0,0.92156862745098034,0.078431372549019662,1.0,0.17254901960784313,0.82745098039215681
-12657.7001953125,-13893.46875,41040.02734375,1.0,0.17254901960784313,0.82745098039215681,1.0,0.38039215686274508,0.61960784313725492
-12762.0185546875,-13811.2001953125,41015.2734375,1.0,0.66666666666666663,0.33333333333333337,1.0,0.55686274509803924,0.44313725490196076
-12737.5400390625,-13806.7041015625,40966.76953125,1.0,0.96078431372549022,0.039215686274509776,1.0,0.33333333333333331,0.66666666666666674
-12747.798828125,-13805.0947265625,40967.10546875,1.0,0.92156862745098034,0.078431372549019662,1.0,0.20784313725490194,0.79215686274509811
-12751.64453125,-13799.5380859375,40979.40234375,1.0,0.88235294117647056,0.11764705882352944,1.0,0.52941176470588236,0.47058823529411764
-12752.9609375,-13800.603515625,40962.94921875,1.0,0.85882352941176465,0.14117647058823535,1.0,0.45490196078431372,0.54509803921568634
-12749.7548828125,-13824.9228515625,40980.9375,1.0,0.93725490196078431,0.062745098039215685,1.0,0.57647058823529407,0.42352941176470593
-12741.623046875,-13833.6015625,40972.6953125,1.0,0.95294117647058818,0.04705882352941182,1.0,0.36862745098039218,0.63137254901960782
-12732.0498046875,-13818.2451171875,40970.1171875,1.0,1.0,0.0,1.0,0.27450980392156865,0.72549019607843135
-12743.576171875,-13798.169921875,40973.40234375,1.0,0.90980392156862744,0.090196078431372562,1.0,0.44313725490196076,0.55686274509803924
-12736.2412109375,-13822.7802734375,40969.84375,1.0,0.99607843137254903,0.0039215686274509665,1.0,0.70196078431372544,0.29803921568627456
-12751.830078125,-13823.4091796875,40978.56640625,1.0,0.92941176470588238,0.070588235294117618,1.0,0.61568627450980395,0.38431372549019605
-12771.9794921875,-13796.904296875,40938.30078125,1.0,0.5490196078431373,0.4509803921568627,1.0,0.45882352941176469,0.54117647058823537
-12739.4658203125,-13822.4814453125,40949.7890625,1.0,0.89411764705882346,0.10588235294117654,1.0,0.49803921568627452,0.50196078431372548
-12742.771484375,-13826.431640625,40956.96484375,1.0,0.92156862745098034,0.078431372549019662,1.0,0.52549019607843139,0.47450980392156861
-12736.9912109375,-13831.2705078125,40949.8828125,1.0,0.88235294117647056,0.11764705882352944,1.0,0.38823529411764707,0.61176470588235299
-12746.2373046875,-13830.98828125,40958.32421875,1.0,0.90196078431372551,0.098039215686274495,1.0,0.27058823529411763,0.72941176470588243
-12747.92578125,-13823.7021484375,40939.31640625,1.0,0.76078431372549016,0.23921568627450984,1.0,0.45490196078431372,0.54509803921568634
-12741.5673828125,-13831.078125,40962.7109375,1.0,0.94117647058823528,0.058823529411764719,1.0,0.37254901960784315,0.62745098039215685
-12760.587890625,-13820.212890625,40950.3203125,1.0,0.77254901960784317,0.22745098039215683,1.0,0.56470588235294117,0.43529411764705883
-12729.947265625,-13802.24609375,40972.0,1.0,0.95294117647058818,0.04705882352941182,1.0,0.56470588235294117,0.43529411764705883
-12722.7001953125,-13836.859375,40955.47265625,1.0,0.90588235294117647,0.094117647058823528,1.0,0.4392156862745098,0.5607843137254902
-12641.5205078125,-13640.6416015625,41201.08203125,1.0,0.0,1.0,1.0,0.50588235294117645,0.49411764705882355
-12638.8857421875,-13894.072265625,41007.49609375,1.0,0.16078431372549018,0.83921568627450982,1.0,0.55294117647058827,0.44705882352941173
-12655.392578125,-13876.2353515625,41034.75,1.0,0.20392156862745098,0.79607843137254908,1.0,0.5490196078431373,0.4509803921568627
-12680.5107421875,-13843.5986328125,41069.734375,1.0,0.2196078431372549,0.7803921568627451,1.0,0.33725490196078434,0.66274509803921566
-12657.244140625,-13967.0341796875,41074.76171875,1.0,0.047058823529411764,0.95294117647058818,1.0,0.36470588235294116,0.63529411764705879
-12714.2939453125,-13827.2314453125,40971.7265625,1.0,0.95686274509803915,0.043137254901960853,1.0,0.57647058823529407,0.42352941176470593
-12718.3671875,-13827.6650390625,40979.83203125,1.0,0.96470588235294119,0.035294117647058809,1.0,0.39215686274509803,0.60784313725490202
-12707.56640625,-13836.7333984375,40943.38671875,1.0,0.77647058823529413,0.22352941176470587,1.0,0.31764705882352939,0.68235294117647061
-12728.9736328125,-13830.126953125,40981.66015625,1.0,0.97647058823529409,0.02352941176470591,1.0,0.41960784313725491,0.58039215686274503
-12717.095703125,-13798.5205078125,40951.96875,1.0,0.83137254901960778,0.16862745098039222,1.0,0.51372549019607838,0.48627450980392162
-12707.36328125,-13807.681640625,40951.1953125,1.0,0.82745098039215681,0.17254901960784319,1.0,0.14901960784313725,0.85098039215686272
-12707.1904296875,-13813.3515625,40953.85546875,1.0,0.85882352941176465,0.14117647058823535,1.0,0.49019607843137253,0.50980392156862742
-12723.12109375,-13802.2109375,40946.72265625,1.0,0.83137254901960778,0.16862745098039222,1.0,0.63137254901960782,0.36862745098039218
-12698.748046875,-13832.77734375,40953.5234375,1.0,0.79607843137254897,0.20392156862745103,1.0,0.59607843137254901,0.40392156862745099
-12696.6533203125,-13830.8759765625,40948.0234375,1.0,0.75294117647058822,0.24705882352941178,1.0,0.60392156862745094,0.39607843137254906
-12709.4814453125,-13833.90625,40958.5078125,1.0,0.88627450980392153,0.11372549019607847,1.0,0.59215686274509804,0.40784313725490196
-12719.4619140625,-13835.3310546875,40971.671875,1.0,0.95294117647058818,0.04705882352941182,1.0,0.67450980392156867,0.32549019607843133
-12685.162109375,-13791.7841796875,40894.63671875,1.0,0.27843137254901962,0.72156862745098038,1.0,0.32549019607843138,0.67450980392156867
-12705.3134765625,-13829.2451171875,40934.578125,1.0,0.70980392156862748,0.29019607843137252,1.0,0.38823529411764707,0.61176470588235299
-12703.1865234375,-13834.9072265625,40931.15625,1.0,0.6588235294117647,0.3411764705882353,1.0,0.51764705882352935,0.48235294117647065
-12761.07421875,-13793.2119140625,40884.515625,1.0,0.1803921568627451,0.81960784313725488,1.0,0.50196078431372548,0.49803921568627452
-12696.41796875,-13760.17578125,40867.6796875,1.0,0.12941176470588234,0.87058823529411766,1.0,0.36078431372549019,0.63921568627450975
-12711.8955078125,-13790.17578125,40886.40625,1.0,0.24705882352941178,0.75294117647058822,1.0,0.76862745098039209,0.23137254901960791
-12669.01953125,-13834.62109375,40805.70703125,1.0,0.031372549019607843,0.96862745098039216,1.0,0.32156862745098036,0.67843137254901964
-12633.5322265625,-13788.5908203125,40810.87109375,1.0,0.043137254901960784,0.95686274509803926,1.0,0.49411764705882355,0.50588235294117645
-12645.5380859375,-13805.6884765625,40863.375,1.0,0.12549019607843137,0.87450980392156863,1.0,0.47843137254901957,0.52156862745098043
-12642.671875,-13773.1181640625,40864.02734375,1.0,0.11764705882352941,0.88235294117647056,1.0,0.41176470588235292,0.58823529411764708
-12701.4248046875,-13750.287109375,40827.73046875,1.0,0.047058823529411764,0.95294117647058818,1.0,0.27058823529411763,0.72941176470588243
-12674.50390625,-13759.9423828125,40862.90234375,1.0,0.12156862745098039,0.8784313725490196,1.0,0.45490196078431372,0.54509803921568634
-12677.6396484375,-13748.2509765625,40880.51171875,1.0,0.14117647058823529,0.85882352941176476,1.0,0.35686274509803922,0.64313725490196072
-12611.708984375,-13710.142578125,40875.05078125,1.0,0.058823529411764705,0.94117647058823528,1.0,0.69803921568627447,0.30196078431372553
-12643.7216796875,-13684.765625,40879.77734375,1.0,0.050980392156862744,0.94901960784313721,1.0,0.38823529411764707,0.61176470588235299
-12756.162109375,-13817.9755859375,40932.140625,1.0,0.6470588235294118,0.3529411764705882,1.0,0.75686274509803919,0.24313725490196081
-12750.763671875,-13798.5654296875,40919.65234375,1.0,0.50588235294117645,0.49411764705882355,1.0,0.396078431372549,0.60392156862745106
-12744.0322265625,-13807.537109375,40934.9921875,1.0,0.72156862745098038,0.27843137254901962,1.0,0.71372549019607845,0.28627450980392155
-12790.390625,-13819.3759765625,40989.671875,1.0,0.58039215686274503,0.41960784313725497,1.0,0.72941176470588232,0.27058823529411768
-12606.1572265625,-13756.2451171875,40863.23046875,1.0,0.078431372549019607,0.92156862745098045,1.0,0.40000000000000002,0.59999999999999998
-12389.5234375,-13865.6474609375,41072.66015625,1.0,0.0078431372549019607,0.99215686274509807,1.0,0.49019607843137253,0.50980392156862742
-12346.115234375,-13861.0771484375,41041.28515625,1.0,0.0039215686274509803,0.99607843137254903,1.0,0.47843137254901957,0.52156862745098043
-12422.4248046875,-13956.9013671875,41118.44921875,1.0,0.0,1.0,1.0,0.48627450980392156,0.51372549019607838
-12753.09765625,-13865.658203125,41114.96484375,1.0,0.090196078431372548,0.90980392156862744,1.0,0.25490196078431371,0.74509803921568629
-12701.318359375,-13827.5361328125,40922.265625,1.0,0.58039215686274503,0.41960784313725497,1.0,0.47843137254901957,0.52156862745098043
-12727.158203125,-13816.884765625,40933.3515625,1.0,0.75294117647058822,0.24705882352941178,1.0,0.5607843137254902,0.4392156862745098
-12716.36328125,-13830.62109375,40925.41796875,1.0,0.65490196078431373,0.34509803921568627,1.0,0.43137254901960786,0.56862745098039214
-12755.30078125,-13899.1181640625,41149.0625,1.0,0.039215686274509803,0.96078431372549022,1.0,0.42745098039215684,0.5725490196078431
-12770.6943359375,-13840.4541015625,41122.13671875,1.0,0.078431372549019607,0.92156862745098045,1.0,0.16862745098039217,0.83137254901960778
-12725.7919921875,-13866.732421875,41121.01953125,1.0,0.090196078431372548,0.90980392156862744,1.0,0.18823529411764706,0.81176470588235294
-12740.7685546875,-13801.0615234375,40934.39453125,1.0,0.70196078431372544,0.29803921568627456,1.0,0.53333333333333333,0.46666666666666667
-12689.005859375,-13845.2978515625,41135.77734375,1.0,0.074509803921568626,0.92549019607843142,1.0,0.37647058823529411,0.62352941176470589
-12667.8544921875,-13893.525390625,41081.44140625,1.0,0.10980392156862745,0.8901960784313725,1.0,0.45490196078431372,0.54509803921568634
-12619.958984375,-13845.83984375,41098.5234375,1.0,0.058823529411764705,0.94117647058823528,1.0,0.4823529411764706,0.51764705882352935
-12669.076171875,-13892.4423828125,41134.78125,1.0,0.043137254901960784,0.95686274509803926,1.0,0.37254901960784315,0.62745098039215685
-12571.833984375,-13935.2822265625,41070.0390625,1.0,0.023529411764705882,0.97647058823529409,1.0,0.53333333333333333,0.46666666666666667
-12548.2158203125,-13845.373046875,41029.953125,1.0,0.023529411764705882,0.97647058823529409,1.0,0.35686274509803922,0.64313725490196072
-12466.1455078125,-13889.5595703125,41026.21875,1.0,0.0039215686274509803,0.99607843137254903,1.0,0.31764705882352939,0.68235294117647061
-12549.11328125,-13940.6220703125,41142.9921875,1.0,0.0039215686274509803,0.99607843137254903,1.0,0.34901960784313724,0.65098039215686276
-12499.080078125,-13977.3623046875,41104.6015625,1.0,0.0039215686274509803,0.99607843137254903,1.0,0.30196078431372547,0.69803921568627447
-12505.8125,-13731.0166015625,41176.3359375,1.0,0.0078431372549019607,0.99215686274509807,1.0,0.29411764705882354,0.70588235294117641
-12537.1513671875,-13682.46875,41202.6171875,1.0,0.0039215686274509803,0.99607843137254903,1.0,0.35686274509803922,0.64313725490196072
-12562.013671875,-13753.2451171875,41213.86328125,1.0,0.0039215686274509803,0.99607843137254903,1.0,0.60784313725490191,0.39215686274509809
-12727.6748046875,-13730.5693359375,41174.2109375,1.0,0.015686274509803921,0.98431372549019613,1.0,0.63921568627450975,0.36078431372549025
-12705.66015625,-13779.8447265625,41015.93359375,1.0,0.51372549019607838,0.48627450980392162,1.0,0.59215686274509804,0.40784313725490196
-12763.978515625,-13836.4453125,41031.63671875,1.0,0.50588235294117645,0.49411764705882355,1.0,0.61568627450980395,0.38431372549019605
-12754.6728515625,-13834.2626953125,41034.640625,1.0,0.51372549019607838,0.48627450980392162,1.0,0.64313725490196072,0.35686274509803928
-12736.54296875,-13805.466796875,41030.63671875,1.0,0.5725490196078431,0.4274509803921569,1.0,0.074509803921568626,0.92549019607843142
-12763.1611328125,-13822.9326171875,41053.19140625,1.0,0.3529411764705882,0.6470588235294118,1.0,0.24705882352941178,0.75294117647058822
-12708.677734375,-13796.5244140625,41041.33203125,1.0,0.41568627450980389,0.58431372549019611,1.0,0.61960784313725492,0.38039215686274508
-12692.0146484375,-13827.044921875,41066.796875,1.0,0.25882352941176467,0.74117647058823533,1.0,0.44313725490196076,0.55686274509803924
-12696.5888671875,-13777.5849609375,41013.984375,1.0,0.46666666666666667,0.53333333333333333,1.0,0.40784313725490196,0.59215686274509804
-12695.234375,-13765.4091796875,41051.6171875,1.0,0.22745098039215686,0.77254901960784317,1.0,0.54509803921568623,0.45490196078431377
-12602.6083984375,-13816.83984375,41009.06640625,1.0,0.090196078431372548,0.90980392156862744,1.0,0.1803921568627451,0.81960784313725488
-12656.712890625,-13835.9873046875,41038.48828125,1.0,0.25098039215686274,0.74901960784313726,1.0,0.41960784313725491,0.58039215686274503
-12676.6708984375,-13830.30078125,41062.32421875,1.0,0.24705882352941178,0.75294117647058822,1.0,0.2196078431372549,0.7803921568627451
-12643.9873046875,-13820.2109375,41069.515625,1.0,0.14509803921568626,0.8549019607843138,1.0,0.42352941176470588,0.57647058823529407
-12677.18359375,-13809.8642578125,41062.859375,1.0,0.24313725490196078,0.75686274509803919,1.0,0.46666666666666667,0.53333333333333333
-12668.810546875,-13770.091796875,41070.77734375,1.0,0.14117647058823529,0.85882352941176476,1.0,0.47058823529411764,0.52941176470588236
-12633.0146484375,-13770.8662109375,41036.02734375,1.0,0.12156862745098039,0.8784313725490196,1.0,0.41960784313725491,0.58039215686274503
-12678.06640625,-13795.494140625,41020.58984375,1.0,0.40784313725490196,0.59215686274509804,1.0,0.31764705882352939,0.68235294117647061
-12701.853515625,-13867.1904296875,41028.67578125,1.0,0.40392156862745099,0.59607843137254901,1.0,0.41176470588235292,0.58823529411764708
-12736.9296875,-13845.578125,41043.65625,1.0,0.42745098039215684,0.5725490196078431,1.0,0.59999999999999998,0.40000000000000002
-12702.73046875,-13785.2763671875,41009.703125,1.0,0.5725490196078431,0.4274509803921569,1.0,0.53725490196078429,0.46274509803921571
-12729.1875,-13827.8173828125,40984.72265625,1.0,0.97254901960784312,0.027450980392156876,1.0,0.54509803921568623,0.45490196078431377
-12710.9765625,-13835.701171875,40983.54296875,1.0,0.8901960784313725,0.1098039215686275,1.0,0.35686274509803922,0.64313725490196072
-12723.9990234375,-13825.685546875,40986.046875,1.0,0.96470588235294119,0.035294117647058809,1.0,0.63137254901960782,0.36862745098039218
-12724.4892578125,-13819.9365234375,40987.81640625,1.0,0.96078431372549022,0.039215686274509776,1.0,0.30980392156862746,0.69019607843137254
-12727.4912109375,-13819.93359375,40992.67578125,1.0,0.93725490196078431,0.062745098039215685,1.0,0.47843137254901957,0.52156862745098043
-12729.02734375,-13836.7236328125,40998.76171875,1.0,0.85882352941176465,0.14117647058823535,1.0,0.69803921568627447,0.30196078431372553
-12688.2470703125,-13832.896484375,40987.41796875,1.0,0.70196078431372544,0.29803921568627456,1.0,0.14901960784313725,0.85098039215686272
-12725.6884765625,-13809.978515625,40983.5703125,1.0,0.96470588235294119,0.035294117647058809,1.0,0.26666666666666666,0.73333333333333339
-12695.6064453125,-13806.34765625,40994.19140625,1.0,0.72156862745098038,0.27843137254901962,1.0,0.19607843137254902,0.80392156862745101
-12720.2607421875,-13835.25,41010.7421875,1.0,0.74901960784313726,0.25098039215686274,1.0,0.52941176470588236,0.47058823529411764
-12697.7421875,-13807.6044921875,41025.44921875,1.0,0.52549019607843139,0.47450980392156861,1.0,0.68235294117647061,0.31764705882352939
-12689.8955078125,-13798.9765625,41017.75390625,1.0,0.50980392156862742,0.49019607843137258,1.0,0.37254901960784315,0.62745098039215685
-12737.1064453125,-13782.6376953125,40983.81640625,1.0,0.78823529411764703,0.21176470588235297,1.0,0.41568627450980389,0.58431372549019611
-12768.2919921875,-13759.13671875,40994.86328125,1.0,0.45882352941176469,0.54117647058823537,1.0,0.3411764705882353,0.6588235294117647
-12761.9638671875,-13777.0556640625,41010.54296875,1.0,0.5490196078431373,0.4509803921568627,1.0,0.61960784313725492,0.38039215686274508
-12725.111328125,-13790.908203125,40982.81640625,1.0,0.85098039215686272,0.14901960784313728,1.0,0.396078431372549,0.60392156862745106
-12701.251953125,-13785.2939453125,40991.2578125,1.0,0.66274509803921566,0.33725490196078434,1.0,0.38039215686274508,0.61960784313725492
-12667.203125,-13913.5625,40993.125,1.0,0.20784313725490194,0.79215686274509811,1.0,0.68627450980392157,0.31372549019607843
-12753.421875,-13820.443359375,41004.64453125,1.0,0.80392156862745101,0.19607843137254899,1.0,0.40784313725490196,0.59215686274509804
-12710.4248046875,-13740.986328125,41017.9296875,1.0,0.26666666666666666,0.73333333333333339,1.0,0.56470588235294117,0.43529411764705883
-12663.0234375,-13907.2548828125,41002.25390625,1.0,0.20784313725490194,0.79215686274509811,1.0,0.0,1.0
-12498.4873046875,-13818.3359375,41136.50390625,1.0,0.0,1.0,1.0,0.49411764705882355,0.50588235294117645
-12704.9619140625,-13650.27734375,41001.03515625,1.0,0.062745098039215685,0.93725490196078431,1.0,0.42352941176470588,0.57647058823529407
-12633.9794921875,-13613.431640625,40998.125,1.0,0.031372549019607843,0.96862745098039216,1.0,0.19215686274509802,0.80784313725490198
-12704.162109375,-13547.521484375,41011.59765625,1.0,0.011764705882352941,0.9882352941176471,1.0,0.3411764705882353,0.6588235294117647
-12585.6875,-13656.5263671875,41006.29296875,1.0,0.050980392156862744,0.94901960784313721,1.0,0.56862745098039214,0.43137254901960786
-12569.1875,-13651.6083984375,41024.66796875,1.0,0.043137254901960784,0.95686274509803926,1.0,0.51764705882352935,0.48235294117647065
-12593.5927734375,-13607.3369140625,41033.7734375,1.0,0.031372549019607843,0.96862745098039216,1.0,0.47058823529411764,0.52941176470588236
-12452.1015625,-13765.150390625,41072.23828125,1.0,0.015686274509803921,0.98431372549019613,1.0,0.24705882352941178,0.75294117647058822
-12593.1181640625,-13565.365234375,41053.11328125,1.0,0.011764705882352941,0.9882352941176471,1.0,0.42352941176470588,0.57647058823529407
-12849.9033203125,-13861.3447265625,41270.7421875,1.0,0.0,1.0,1.0,0.58431372549019611,0.41568627450980389
-12910.9326171875,-13689.943359375,41173.1171875,1.0,0.0078431372549019607,0.99215686274509807,1.0,0.38823529411764707,0.61176470588235299
-12870.1279296875,-13702.8564453125,41218.91015625,1.0,0.0039215686274509803,0.99607843137254903,1.0,0.41960784313725491,0.58039215686274503
-12716.892578125,-14113.1357421875,41167.75,1.0,0.0,1.0,1.0,0.29411764705882354,0.70588235294117641
-12683.8125,-13998.4931640625,41181.6484375,1.0,0.015686274509803921,0.98431372549019613,1.0,0.62352941176470589,0.37647058823529411
-12669.1015625,-13977.00390625,41216.96484375,1.0,0.0078431372549019607,0.99215686274509807,1.0,0.36862745098039218,0.63137254901960782
-12741.263671875,-13874.2978515625,41171.69921875,1.0,0.031372549019607843,0.96862745098039216,1.0,0.2196078431372549,0.7803921568627451
-12809.2822265625,-13936.4814453125,41182.50390625,1.0,0.023529411764705882,0.97647058823529409,1.0,0.40000000000000002,0.59999999999999998
-12419.4619140625,-13690.0234375,40993.30078125,1.0,0.0,1.0,1.0,0.27058823529411763,0.72941176470588243
-12589.517578125,-13696.5390625,41047.828125,1.0,0.035294117647058823,0.96470588235294119,1.0,0.29803921568627451,0.70196078431372544
-12590.857421875,-13740.962890625,41033.96875,1.0,0.050980392156862744,0.94901960784313721,1.0,0.11372549019607843,0.88627450980392153
-12609.6875,-13910.322265625,40989.97265625,1.0,0.078431372549019607,0.92156862745098045,1.0,0.57647058823529407,0.42352941176470593
-12759.896484375,-13671.330078125,41063.87109375,1.0,0.039215686274509803,0.96078431372549022,1.0,0.47843137254901957,0.52156862745098043
-12602.2197265625,-13743.267578125,40986.88671875,1.0,0.074509803921568626,0.92549019607843142,1.0,0.40392156862745099,0.59607843137254901
-12680.7294921875,-13697.12890625,41012.5234375,1.0,0.090196078431372548,0.90980392156862744,1.0,0.53725490196078429,0.46274509803921571
-12764.9970703125,-13803.490234375,41088.5625,1.0,0.14901960784313725,0.85098039215686272,1.0,0.29019607843137252,0.70980392156862748
-12752.2275390625,-13799.7421875,41094.796875,1.0,0.13725490196078433,0.86274509803921573,1.0,0.51764705882352935,0.48235294117647065
-12723.341796875,-13772.455078125,41079.98828125,1.0,0.16078431372549018,0.83921568627450982,1.0,0.52941176470588236,0.47058823529411764
-12756.8359375,-13755.666015625,41139.65234375,1.0,0.035294117647058823,0.96470588235294119,1.0,0.36078431372549019,0.63921568627450975
-12701.6953125,-13764.3681640625,41146.0,1.0,0.043137254901960784,0.95686274509803926,1.0,0.56470588235294117,0.43529411764705883
-12680.2216796875,-13820.779296875,41095.11328125,1.0,0.15294117647058825,0.84705882352941175,1.0,0.33333333333333331,0.66666666666666674
-12679.3837890625,-13754.490234375,41088.15625,1.0,0.094117647058823528,0.90588235294117647,1.0,0.46274509803921571,0.53725490196078429
-12676.7177734375,-13827.7607421875,41115.796875,1.0,0.10196078431372549,0.89803921568627454,1.0,0.56862745098039214,0.43137254901960786
-12659.791015625,-13691.4375,41149.0546875,1.0,0.0078431372549019607,0.99215686274509807,1.0,0.27058823529411763,0.72941176470588243
-12595.626953125,-13792.8955078125,41034.21484375,1.0,0.066666666666666666,0.93333333333333335,1.0,0.16862745098039217,0.83137254901960778
-12475.6982421875,-13789.330078125,41041.6796875,1.0,0.019607843137254902,0.98039215686274506,1.0,0.1803921568627451,0.81960784313725488
-12447.595703125,-13769.32421875,41044.72265625,1.0,0.019607843137254902,0.98039215686274506,1.0,0.63921568627450975,0.36078431372549025
-12573.669921875,-13661.3876953125,41001.625,1.0,0.047058823529411764,0.95294117647058818,1.0,0.37254901960784315,0.62745098039215685
-12739.2451171875,-13690.6826171875,41009.5859375,1.0,0.10588235294117647,0.89411764705882357,1.0,0.35686274509803922,0.64313725490196072
-12847.326171875,-13809.310546875,40997.94140625,1.0,0.18431372549019609,0.81568627450980391,1.0,0.31372549019607843,0.68627450980392157
-12796.1669921875,-13789.1650390625,40987.515625,1.0,0.4823529411764706,0.51764705882352935,1.0,0.18823529411764706,0.81176470588235294
-12874.6015625,-13827.98046875,41010.0703125,1.0,0.10588235294117647,0.89411764705882357,1.0,0.32941176470588235,0.67058823529411771
-12821.3408203125,-13897.7822265625,41038.38671875,1.0,0.12941176470588234,0.87058823529411766,1.0,0.090196078431372548,0.90980392156862744
-12795.1943359375,-13858.732421875,41020.76171875,1.0,0.35686274509803922,0.64313725490196072,1.0,0.36078431372549019,0.63921568627450975
-12796.396484375,-13852.103515625,41012.61328125,1.0,0.40000000000000002,0.59999999999999998,1.0,0.52549019607843139,0.47450980392156861
-12791.3544921875,-13870.5654296875,41007.1015625,1.0,0.36078431372549019,0.63921568627450975,1.0,0.50588235294117645,0.49411764705882355
-12808.8798828125,-13874.451171875,41020.328125,1.0,0.25098039215686274,0.74901960784313726,1.0,0.55294117647058827,0.44705882352941173
-12785.4384765625,-13878.1044921875,40996.90234375,1.0,0.36470588235294116,0.63529411764705879,1.0,0.28235294117647058,0.71764705882352942
-12839.078125,-13879.5458984375,41013.453125,1.0,0.16470588235294117,0.83529411764705885,1.0,0.18823529411764706,0.81176470588235294
-12827.5634765625,-13886.4638671875,40998.578125,1.0,0.1803921568627451,0.81960784313725488,1.0,0.64313725490196072,0.35686274509803928
-12830.548828125,-13892.98828125,40995.1796875,1.0,0.16078431372549018,0.83921568627450982,1.0,0.68627450980392157,0.31372549019607843
-12871.9091796875,-13866.6416015625,40992.51171875,1.0,0.10588235294117647,0.89411764705882357,1.0,0.52156862745098043,0.47843137254901957
-12886.66015625,-13907.31640625,41000.41796875,1.0,0.054901960784313725,0.94509803921568625,1.0,0.30980392156862746,0.69019607843137254
-12799.2138671875,-14042.267578125,41125.59375,1.0,0.0039215686274509803,0.99607843137254903,1.0,0.27058823529411763,0.72941176470588243
-12813.3662109375,-13909.2890625,40969.6484375,1.0,0.12941176470588234,0.87058823529411766,1.0,0.33725490196078434,0.66274509803921566
-12884.390625,-13932.5751953125,40973.1015625,1.0,0.039215686274509803,0.96078431372549022,1.0,0.20784313725490194,0.79215686274509811
-12849.2431640625,-13843.2177734375,41030.80078125,1.0,0.14901960784313725,0.85098039215686272,1.0,0.44705882352941173,0.55294117647058827
-12883.0791015625,-13994.8505859375,40920.46484375,1.0,0.015686274509803921,0.98431372549019613,1.0,0.49019607843137253,0.50980392156862742
-12831.208984375,-13951.5625,40827.13671875,1.0,0.011764705882352941,0.9882352941176471,1.0,0.33725490196078434,0.66274509803921566
-12891.6328125,-13970.736328125,40879.01953125,1.0,0.015686274509803921,0.98431372549019613,1.0,0.2196078431372549,0.7803921568627451
-12978.779296875,-13923.421875,40869.8671875,1.0,0.015686274509803921,0.98431372549019613,1.0,0.52549019607843139,0.47450980392156861
-13002.451171875,-13888.90625,40861.375,1.0,0.015686274509803921,0.98431372549019613,1.0,0.5607843137254902,0.4392156862745098
-13045.986328125,-13873.94921875,40866.234375,1.0,0.0078431372549019607,0.99215686274509807,1.0,0.090196078431372548,0.90980392156862744
-12989.8330078125,-13990.5654296875,40850.08203125,1.0,0.0039215686274509803,0.99607843137254903,1.0,0.20392156862745098,0.79607843137254908
-13081.365234375,-13952.6416015625,40851.13671875,1.0,0.0,1.0,1.0,0.25098039215686274,0.74901960784313726
-12883.42578125,-14048.2412109375,40973.7421875,1.0,0.0078431372549019607,0.99215686274509807,1.0,0.49019607843137253,0.50980392156862742
-12871.00390625,-14094.93359375,40968.33203125,1.0,0.0039215686274509803,0.99607843137254903,1.0,0.1764705882352941,0.82352941176470584
-12807.2783203125,-13778.50390625,40797.32421875,1.0,0.015686274509803921,0.98431372549019613,1.0,0.66666666666666663,0.33333333333333337
-12822.796875,-13790.8681640625,40800.234375,1.0,0.019607843137254902,0.98039215686274506,1.0,0.062745098039215685,0.93725490196078431
-12837.82421875,-13887.2841796875,40793.37890625,1.0,0.0039215686274509803,0.99607843137254903,1.0,0.41568627450980389,0.58431372549019611
-12979.8896484375,-13861.732421875,40781.109375,1.0,0.0,1.0,1.0,0.33333333333333331,0.66666666666666674
-12901.6142578125,-13770.1015625,41046.57421875,1.0,0.019607843137254902,0.98039215686274506,1.0,0.52941176470588236,0.47058823529411764
-12816.7978515625,-13956.720703125,40871.328125,1.0,0.023529411764705882,0.97647058823529409,1.0,0.2627450980392157,0.73725490196078436
-12812.55859375,-13847.115234375,41068.15234375,1.0,0.14901960784313725,0.85098039215686272,1.0,0.37647058823529411,0.62352941176470589
-12868.7490234375,-13913.8828125,40927.21875,1.0,0.031372549019607843,0.96862745098039216,1.0,0.35686274509803922,0.64313725490196072
-12866.8662109375,-13942.9697265625,41144.53515625,1.0,0.027450980392156862,0.97254901960784312,1.0,0.47843137254901957,0.52156862745098043
-12776.8037109375,-13859.73828125,41065.70703125,1.0,0.20784313725490194,0.79215686274509811,1.0,0.37254901960784315,0.62745098039215685
-12968.8955078125,-13821.3564453125,41005.359375,1.0,0.0039215686274509803,0.99607843137254903,1.0,0.37254901960784315,0.62745098039215685
-12777.3017578125,-13619.259765625,40970.3984375,1.0,0.031372549019607843,0.96862745098039216,1.0,0.6705882352941176,0.3294117647058824
-12862.4912109375,-13643.4853515625,40943.8671875,1.0,0.019607843137254902,0.98039215686274506,1.0,0.29019607843137252,0.70980392156862748
-12783.5146484375,-13658.65234375,40891.7578125,1.0,0.043137254901960784,0.95686274509803926,1.0,0.22745098039215686,0.77254901960784317
-12923.6318359375,-13624.3271484375,40862.34375,1.0,0.0078431372549019607,0.99215686274509807,1.0,0.50588235294117645,0.49411764705882355
-12996.8896484375,-13536.9697265625,40937.9140625,1.0,0.0039215686274509803,0.99607843137254903,1.0,0.20784313725490194,0.79215686274509811
-12998.2001953125,-13589.7724609375,40938.1875,1.0,0.011764705882352941,0.9882352941176471,1.0,0.30980392156862746,0.69019607843137254
-12988.3671875,-13651.8623046875,40827.5859375,1.0,0.0,1.0,1.0,0.26666666666666666,0.73333333333333339
-12928.076171875,-13699.6982421875,40946.34375,1.0,0.0078431372549019607,0.99215686274509807,1.0,0.21568627450980393,0.78431372549019607
-12798.021484375,-13771.2919921875,40966.8046875,1.0,0.37647058823529411,0.62352941176470589,1.0,0.55294117647058827,0.44705882352941173
-12800.3779296875,-13773.9111328125,40965.171875,1.0,0.36862745098039218,0.63137254901960782,1.0,0.14117647058823529,0.85882352941176476
-12859.7841796875,-13781.6533203125,40946.60546875,1.0,0.090196078431372548,0.90980392156862744,1.0,0.21568627450980393,0.78431372549019607
-12782.5986328125,-13831.62109375,40956.79296875,1.0,0.58431372549019611,0.41568627450980389,1.0,0.41960784313725491,0.58039215686274503
-12860.8583984375,-13802.1689453125,40950.27734375,1.0,0.10196078431372549,0.89803921568627454,1.0,0.43529411764705883,0.56470588235294117
-12871.6708984375,-13664.9765625,40948.296875,1.0,0.019607843137254902,0.98039215686274506,1.0,0.20000000000000001,0.80000000000000004
-12833.6826171875,-13957.142578125,41092.0234375,1.0,0.019607843137254902,0.98039215686274506,1.0,0.60392156862745094,0.39607843137254906
-12782.806640625,-13817.5556640625,40936.45703125,1.0,0.4823529411764706,0.51764705882352935,1.0,0.22352941176470587,0.77647058823529413
-12823.9990234375,-13956.4521484375,41149.9453125,1.0,0.031372549019607843,0.96862745098039216,1.0,0.42352941176470588,0.57647058823529407
-12857.5986328125,-13938.7060546875,41158.65234375,1.0,0.031372549019607843,0.96862745098039216,1.0,0.62352941176470589,0.37647058823529411
-12868.109375,-13866.81640625,41128.8828125,1.0,0.027450980392156862,0.97254901960784312,1.0,0.5490196078431373,0.4509803921568627
-12816.0078125,-13870.537109375,41096.20703125,1.0,0.074509803921568626,0.92549019607843142,1.0,0.66274509803921566,0.33725490196078434
-12885.6220703125,-13808.486328125,40863.30859375,1.0,0.011764705882352941,0.9882352941176471,1.0,0.29803921568627451,0.70196078431372544
-12833.5791015625,-13819.23046875,40841.62109375,1.0,0.023529411764705882,0.97647058823529409,1.0,0.50980392156862742,0.49019607843137258
-12862.8662109375,-13837.201171875,40995.87109375,1.0,0.13725490196078433,0.86274509803921573,1.0,0.37647058823529411,0.62352941176470589
-12850.3798828125,-13717.1591796875,40876.7890625,1.0,0.023529411764705882,0.97647058823529409,1.0,0.32549019607843138,0.67450980392156867
-12795.927734375,-13705.3447265625,40882.73828125,1.0,0.047058823529411764,0.95294117647058818,1.0,0.40000000000000002,0.59999999999999998
-12795.40234375,-13669.544921875,40858.2734375,1.0,0.031372549019607843,0.96862745098039216,1.0,0.28627450980392155,0.71372549019607845
-12889.8837890625,-13783.2880859375,40944.296875,1.0,0.043137254901960784,0.95686274509803926,1.0,0.70196078431372544,0.29803921568627456
-12797.7177734375,-13826.8525390625,40905.23046875,1.0,0.18823529411764706,0.81176470588235294,1.0,0.094117647058823528,0.90588235294117647
-12863.0830078125,-13665.87109375,40843.484375,1.0,0.015686274509803921,0.98431372549019613,1.0,0.38823529411764707,0.61176470588235299
